,AAC_A,AAC_C,AAC_D,AAC_E,AAC_F,AAC_G,AAC_H,AAC_I,AAC_K,AAC_L,AAC_M,AAC_N,AAC_P,AAC_Q,AAC_R,AAC_S,AAC_T,AAC_V,AAC_W,AAC_Y,Labels
0,9.03,1.94,4.52,7.74,1.29,9.03,3.23,4.52,7.1,7.74,2.58,4.52,3.23,5.16,6.45,2.58,6.45,5.81,3.87,3.23,nonDRNA
1,5.36,0.6,5.36,7.44,4.17,8.93,0.89,8.63,11.01,9.23,3.57,5.95,3.27,1.19,2.98,6.85,4.17,6.55,0.3,3.57,nonDRNA
2,9.68,0.0,3.23,0.0,8.06,6.45,0.0,8.06,1.61,17.74,3.23,1.61,3.23,4.84,1.61,6.45,1.61,17.74,3.23,1.61,nonDRNA
3,8.56,1.1,7.18,8.56,5.25,7.73,3.04,8.29,5.8,6.91,3.59,4.42,4.14,2.21,3.31,4.7,5.52,6.91,0.28,2.49,nonDRNA
4,11.48,1.11,5.56,4.81,3.33,5.93,4.07,3.7,4.07,7.41,2.22,4.07,5.56,4.44,7.41,3.7,5.19,9.63,1.85,4.44,RNA
5,10.87,0.0,0.0,0.0,4.35,6.52,2.17,0.0,10.87,6.52,4.35,4.35,2.17,4.35,23.91,6.52,6.52,6.52,0.0,0.0,RNA
6,10.82,0.36,4.64,9.82,3.0,3.27,1.36,3.82,8.91,5.09,3.55,1.73,10.91,6.91,6.27,5.45,6.36,4.91,1.18,1.64,nonDRNA
7,7.04,0.47,5.87,9.39,5.63,7.28,1.17,5.4,9.15,10.56,1.88,3.99,2.82,0.47,6.1,5.87,5.16,8.45,0.94,2.35,nonDRNA
8,4.0,1.33,8.89,5.33,3.56,8.44,2.22,8.0,6.67,8.89,4.0,4.89,3.11,1.33,5.78,5.78,2.22,8.44,0.44,6.67,nonDRNA
9,14.37,0.0,6.89,9.58,2.69,7.19,1.5,6.59,5.69,11.08,0.9,1.8,2.69,1.5,8.38,2.99,2.4,8.98,1.5,3.29,nonDRNA
10,5.16,1.94,3.87,8.39,3.87,9.68,3.23,3.23,7.1,12.26,1.29,5.16,4.52,3.87,4.52,5.81,7.74,2.58,0.65,5.16,nonDRNA
11,3.85,0.96,2.88,8.65,6.73,6.73,4.81,10.58,10.58,8.65,3.85,5.77,3.85,4.81,0.96,4.81,2.88,6.73,0.0,1.92,nonDRNA
12,5.0,1.33,6.0,8.33,3.33,7.17,1.17,8.33,9.67,10.33,1.5,5.17,3.33,1.67,5.0,5.17,4.5,7.83,0.5,4.67,nonDRNA
13,10.26,8.72,3.59,8.21,2.56,6.15,2.56,2.05,6.15,7.69,1.54,2.56,9.74,1.54,5.64,3.08,4.1,9.23,0.51,4.1,nonDRNA
14,6.31,2.7,4.5,9.01,1.8,6.31,1.8,9.91,12.61,8.11,2.7,9.01,2.7,1.8,1.8,4.5,2.7,8.11,0.9,2.7,nonDRNA
15,8.97,1.39,8.01,4.27,4.09,8.19,1.22,4.88,7.93,4.44,2.53,7.84,5.23,2.35,2.09,4.44,7.58,6.88,2.7,4.97,nonDRNA
16,5.19,2.16,6.28,6.39,5.52,3.35,2.27,6.93,6.71,9.63,1.52,5.3,5.09,4.65,4.87,10.5,5.19,4.98,0.43,3.03,DNA
17,9.79,0.26,4.38,7.73,3.35,10.82,2.84,5.93,7.73,9.02,2.84,3.35,3.87,3.09,4.12,3.87,4.12,7.73,0.77,4.38,nonDRNA
18,10.59,0.0,5.56,5.21,3.3,10.94,2.26,2.95,9.03,4.69,1.74,6.08,5.56,3.82,5.21,7.99,5.03,7.81,1.39,0.87,DNA
19,8.97,1.28,5.23,5.42,3.55,8.48,2.17,3.94,5.23,8.09,2.66,6.71,5.03,3.75,4.93,5.62,6.11,6.21,2.66,3.94,nonDRNA
20,17.32,0.0,4.72,4.72,1.57,8.66,3.94,4.72,5.51,7.09,0.79,3.94,1.57,2.36,12.6,3.94,3.94,11.02,0.0,1.57,RNA
21,6.19,0.0,6.67,7.14,3.81,4.29,2.38,6.67,11.9,11.43,2.38,5.24,2.38,1.9,3.33,4.76,5.24,7.62,0.48,6.19,nonDRNA
22,10.57,0.91,7.55,4.53,3.32,9.06,1.81,6.04,8.16,6.04,2.42,5.44,2.72,1.51,3.63,4.53,8.16,10.27,0.91,2.42,nonDRNA
23,12.93,0.73,6.74,4.92,3.83,8.38,4.01,4.55,4.19,10.2,2.73,2.73,4.74,2.73,6.01,4.92,5.28,7.1,1.64,1.64,nonDRNA
24,6.49,1.66,6.49,6.03,4.22,8.9,3.47,4.98,5.73,7.39,2.41,4.68,6.64,2.26,4.98,6.79,5.58,5.43,1.36,4.52,nonDRNA
25,7.12,0.89,6.82,7.42,3.26,5.34,4.45,4.75,4.45,13.95,0.59,2.97,5.34,6.82,7.12,4.45,4.15,5.64,0.59,3.86,nonDRNA
26,5.56,7.41,12.96,11.11,3.7,9.26,0.0,7.41,9.26,3.7,1.85,1.85,9.26,0.0,0.0,3.7,1.85,3.7,3.7,3.7,nonDRNA
27,6.42,0.92,6.06,8.07,2.39,4.95,1.47,5.5,8.62,7.89,3.12,5.69,7.89,3.85,3.67,6.97,7.16,6.06,0.73,2.57,nonDRNA
28,9.24,1.62,5.08,5.54,3.23,6.47,2.54,3.23,4.62,11.55,2.77,3.23,5.08,6.24,7.16,6.24,4.85,8.31,0.92,2.08,RNA
29,4.08,1.25,5.96,8.78,4.7,2.51,2.51,4.7,5.96,11.29,2.82,4.08,6.58,2.82,6.58,12.54,2.82,7.21,0.63,2.19,nonDRNA
30,5.33,1.38,4.14,11.44,4.73,6.9,1.97,5.33,4.34,9.86,1.97,4.73,6.11,3.35,8.09,4.14,4.14,7.1,2.17,2.76,nonDRNA
31,5.81,0.0,6.98,12.4,4.65,6.2,0.78,6.2,10.08,8.53,4.26,2.71,2.71,1.16,5.81,3.49,3.49,8.14,0.39,6.2,nonDRNA
32,9.14,1.48,5.43,6.17,1.98,8.64,3.46,10.62,3.95,11.36,1.48,3.21,3.7,6.42,4.44,4.69,3.95,6.42,0.49,2.96,nonDRNA
33,4.65,2.91,4.65,6.98,5.23,3.49,2.33,12.21,7.56,8.72,1.74,11.63,4.07,1.16,1.74,6.4,4.07,5.81,0.58,4.07,nonDRNA
34,3.43,2.86,4.0,8.0,6.29,6.86,0.0,7.43,7.43,8.0,2.86,5.71,2.86,6.29,3.43,5.14,5.14,8.57,2.29,3.43,nonDRNA
35,17.36,1.39,5.79,4.17,3.47,10.88,1.85,3.7,1.62,11.81,1.16,2.31,4.86,3.7,6.94,4.17,5.56,8.1,0.46,0.69,nonDRNA
36,10.22,0.8,6.21,3.01,4.01,8.62,1.6,4.21,4.21,7.82,2.2,5.21,5.21,5.41,4.01,5.81,6.21,6.01,2.4,6.81,nonDRNA
37,12.75,1.82,2.55,2.73,0.73,8.38,10.2,2.55,2.0,5.1,2.37,3.46,8.38,4.19,4.74,13.84,6.92,4.55,0.36,2.37,nonDRNA
38,4.25,0.94,6.6,3.3,6.6,14.62,2.36,7.08,7.55,6.6,1.89,2.83,4.72,1.42,3.3,4.72,7.08,10.85,1.42,1.89,nonDRNA
39,8.18,0.3,7.27,6.67,3.64,7.58,2.42,7.27,1.82,8.18,1.21,2.42,6.06,3.03,6.06,7.27,6.06,9.09,1.82,3.64,nonDRNA
40,7.05,0.07,7.82,4.47,3.21,7.12,1.05,7.4,6.42,5.73,1.82,8.87,3.49,3.84,1.82,7.61,8.1,7.89,1.96,4.26,nonDRNA
41,4.81,1.92,8.65,5.77,4.81,6.25,4.81,7.69,8.65,11.06,2.4,3.85,4.33,4.33,5.29,3.37,3.37,3.37,0.48,4.81,nonDRNA
42,10.65,0.2,3.75,8.48,2.37,7.69,0.59,8.09,3.94,9.86,2.56,2.96,3.35,6.51,6.11,5.92,6.11,7.3,0.0,3.55,nonDRNA
43,6.34,1.12,5.6,5.6,5.22,19.03,1.49,5.6,3.36,8.21,3.73,5.22,2.61,3.36,4.85,6.34,4.48,4.1,1.12,2.61,nonDRNA
44,1.37,1.37,8.22,6.85,1.37,6.85,2.74,5.48,10.96,13.7,1.37,4.11,1.37,5.48,2.74,5.48,2.74,13.7,0.0,4.11,nonDRNA
45,6.59,2.33,4.26,5.43,1.94,6.2,3.1,3.49,5.04,9.3,1.55,2.33,12.02,5.43,8.14,6.2,4.65,5.81,1.94,4.26,nonDRNA
46,9.67,0.55,3.87,7.46,4.42,8.29,2.21,4.14,4.97,9.12,3.59,4.97,3.87,4.7,4.42,7.73,4.14,6.91,0.55,4.42,nonDRNA
47,11.34,0.4,11.34,8.5,2.02,6.48,2.43,8.1,2.83,12.15,2.83,2.43,3.64,1.21,4.45,6.07,4.86,6.88,0.0,2.02,nonDRNA
48,6.48,0.93,6.94,6.94,4.63,6.02,4.63,5.56,8.8,6.02,2.78,3.7,4.17,4.17,2.31,7.87,4.17,6.02,1.39,6.48,nonDRNA
49,9.67,0.71,7.55,6.13,3.07,7.31,4.25,9.67,6.13,6.84,2.83,4.48,4.01,2.36,3.77,6.13,5.19,7.31,0.24,2.36,nonDRNA
50,13.45,0.0,5.88,5.88,1.68,6.72,2.52,7.56,12.61,6.72,0.84,4.2,0.84,1.68,7.56,5.88,5.88,6.72,0.0,3.36,RNA
51,6.5,1.89,4.61,5.87,4.82,6.5,3.35,4.82,6.92,8.81,1.89,4.4,3.98,3.56,4.4,9.01,6.71,7.76,0.84,3.35,nonDRNA
52,6.36,1.96,8.31,6.11,5.13,2.44,2.2,5.38,8.8,9.54,2.2,5.13,5.38,3.91,6.11,7.09,3.91,4.65,1.71,3.67,nonDRNA
53,12.03,0.0,3.01,9.77,3.76,9.77,3.76,0.75,3.76,6.02,3.76,0.75,8.27,0.75,8.27,1.5,5.26,15.04,1.5,2.26,nonDRNA
54,4.41,0.88,6.76,7.94,5.88,10.88,1.76,6.47,8.24,5.29,2.06,3.53,7.65,2.35,7.65,5.29,5.0,5.0,0.29,2.65,nonDRNA
55,13.27,0.0,5.65,4.67,1.97,9.34,1.97,4.67,3.44,11.06,3.44,1.23,5.9,2.95,6.63,5.41,5.16,7.86,2.95,2.46,nonDRNA
56,5.91,1.54,4.37,5.4,4.88,4.88,4.37,4.11,6.43,5.66,2.31,4.63,5.91,4.88,6.94,12.08,9.25,4.63,1.03,0.77,nonDRNA
57,10.07,1.01,3.69,7.38,3.36,9.4,2.35,8.72,7.72,10.4,2.01,4.7,3.02,4.36,2.35,4.7,6.38,5.37,0.0,3.02,nonDRNA
58,7.59,0.69,8.28,9.66,3.45,8.97,0.69,6.21,5.52,5.52,2.07,4.14,2.76,2.76,8.28,4.14,4.83,10.34,0.69,3.45,RNA
59,6.92,2.94,3.35,3.77,6.08,6.92,3.14,2.94,3.77,14.47,1.89,3.14,5.66,4.82,5.66,7.13,3.77,7.55,3.35,2.73,nonDRNA
60,9.54,0.31,4.62,4.62,4.0,4.92,2.15,7.69,3.08,11.08,1.54,3.08,4.62,9.23,4.92,7.08,6.46,7.69,1.85,1.54,nonDRNA
61,10.78,2.4,5.09,3.89,2.99,6.89,2.99,2.4,2.1,8.08,1.5,2.99,11.98,1.8,9.88,8.08,5.99,6.59,2.1,1.5,DNA
62,7.51,2.23,4.42,6.46,3.02,4.42,2.83,4.74,3.95,13.3,2.1,2.86,5.98,5.73,4.9,9.74,5.41,7.38,1.02,1.97,nonDRNA
63,5.96,1.38,3.67,6.88,2.75,7.8,0.92,14.22,9.17,6.88,1.83,4.59,3.21,6.88,6.88,3.21,4.59,4.59,1.38,3.21,RNA
64,7.07,2.89,3.54,6.43,2.25,8.36,3.22,6.75,2.57,7.4,1.61,9.0,3.54,1.93,6.43,6.75,7.4,7.72,1.61,3.54,nonDRNA
65,5.53,0.92,8.29,6.45,7.83,6.91,2.76,4.15,7.37,6.45,2.3,5.99,5.07,5.07,5.53,5.07,2.3,6.45,2.3,3.23,nonDRNA
66,11.86,3.56,6.32,3.95,0.0,9.49,4.35,2.37,2.37,12.25,1.19,1.98,6.32,3.16,8.3,6.32,3.16,9.49,1.98,1.58,nonDRNA
67,14.46,0.6,4.82,7.83,5.42,2.41,2.41,3.01,9.64,9.64,4.22,3.01,3.61,2.41,3.01,7.23,4.22,9.04,1.81,1.2,nonDRNA
68,15.27,0.99,6.9,8.37,3.94,8.37,1.97,1.48,3.94,10.84,1.97,0.99,4.43,2.96,7.39,4.93,3.94,4.43,1.97,4.93,nonDRNA
69,10.7,0.25,3.57,10.96,4.84,9.04,2.17,2.04,2.29,14.65,1.02,1.15,9.17,1.91,9.55,2.93,2.93,8.03,0.64,2.17,RNA
70,6.18,2.42,4.57,8.87,5.38,5.91,2.42,6.72,7.26,12.1,1.88,4.84,4.3,2.69,3.76,7.53,2.96,6.45,0.27,3.49,nonDRNA
71,10.77,0.0,7.49,3.75,5.39,11.01,0.7,3.04,5.39,9.37,0.47,8.67,0.7,3.28,2.11,6.32,6.56,7.96,1.17,5.85,nonDRNA
72,8.23,1.27,3.16,8.23,5.38,6.01,2.22,5.06,3.48,7.59,2.53,1.58,6.33,3.8,5.7,6.01,5.06,10.76,2.53,5.06,nonDRNA
73,18.95,1.17,4.96,8.75,3.21,7.0,2.62,4.37,4.08,5.83,1.75,0.87,7.58,2.33,6.71,5.83,4.08,7.87,1.17,0.87,nonDRNA
74,7.47,1.55,5.41,8.51,4.64,4.12,4.12,5.67,5.93,10.57,1.03,5.15,4.38,4.9,2.84,5.67,4.38,7.73,1.55,4.38,nonDRNA
75,8.66,1.28,4.92,6.52,3.32,8.34,2.25,7.17,6.63,9.52,2.14,4.06,5.78,3.32,4.6,4.6,6.74,7.91,0.53,1.71,nonDRNA
76,8.47,0.56,4.52,9.04,3.39,9.6,3.95,7.91,3.95,12.43,1.69,0.56,6.21,4.52,5.08,1.13,7.34,7.91,0.0,1.69,nonDRNA
77,11.02,0.85,4.24,5.08,0.85,5.93,8.47,5.93,1.69,13.56,4.24,2.54,4.24,5.93,3.39,6.78,8.47,4.24,0.85,1.69,nonDRNA
78,9.21,2.63,5.26,3.51,4.39,10.09,0.44,3.95,1.32,8.77,2.19,6.14,5.26,7.02,3.51,7.89,7.02,3.95,2.63,4.82,nonDRNA
79,8.59,0.48,8.95,7.26,3.99,3.51,2.3,4.59,5.2,6.17,1.81,7.86,5.68,3.63,5.44,8.71,7.38,5.2,0.24,3.02,nonDRNA
80,7.19,2.16,3.6,2.88,2.88,9.35,1.44,2.16,6.47,7.19,2.88,1.44,3.6,5.04,2.88,12.95,8.63,5.76,3.6,7.91,nonDRNA
81,3.18,1.27,7.64,13.38,5.73,7.64,0.0,9.55,7.01,5.1,1.27,7.64,3.82,3.82,1.91,7.01,5.1,5.1,0.64,3.18,nonDRNA
82,15.12,0.0,4.36,8.14,3.2,11.63,2.33,0.87,3.2,13.08,1.74,1.16,7.56,1.45,8.72,2.91,2.62,8.14,2.03,1.74,nonDRNA
83,10.08,1.61,7.26,4.03,3.23,7.66,3.63,4.03,3.63,9.27,1.61,6.05,4.84,3.63,4.84,6.05,8.47,5.65,0.81,3.63,nonDRNA
84,13.85,0.25,6.55,6.8,3.53,9.32,0.76,3.27,3.02,11.34,1.01,0.76,5.79,1.01,6.05,6.3,8.82,9.82,0.5,1.26,nonDRNA
85,8.06,2.41,4.16,6.48,3.91,7.73,2.08,3.16,3.08,10.64,1.41,2.33,8.89,5.9,7.4,6.73,5.32,6.07,1.75,2.49,nonDRNA
86,4.94,0.82,4.12,3.29,4.94,9.47,1.65,2.88,4.94,7.41,3.7,8.64,3.7,3.29,3.29,8.23,9.05,5.76,3.29,6.58,nonDRNA
87,11.01,2.2,4.85,9.25,3.96,7.49,1.76,3.96,2.64,10.13,1.76,2.2,4.85,4.41,8.81,4.41,3.08,8.37,3.08,1.76,nonDRNA
88,3.26,2.79,3.72,4.65,1.4,8.84,3.72,11.16,6.51,6.05,3.72,11.16,2.33,1.86,2.33,6.98,7.44,7.44,0.93,3.72,nonDRNA
89,6.63,2.16,4.81,6.97,3.81,5.64,2.65,5.14,6.63,11.77,1.66,3.65,6.3,2.16,7.63,7.13,4.64,6.14,0.66,3.81,nonDRNA
90,12.64,0.37,4.83,5.95,2.97,10.04,1.49,7.06,3.72,10.04,3.72,2.97,4.09,3.72,4.46,6.32,5.58,6.32,1.49,2.23,nonDRNA
91,6.93,1.6,3.55,4.8,4.62,9.41,3.37,2.49,1.42,11.19,0.89,3.02,7.82,5.68,5.15,10.3,5.51,7.28,1.78,3.2,nonDRNA
92,10.62,2.19,5.0,6.25,3.75,6.25,2.5,7.5,3.44,6.25,1.88,7.19,2.81,5.0,5.62,6.88,3.44,5.62,1.25,6.56,nonDRNA
93,5.13,2.15,4.3,5.96,6.29,6.13,3.15,5.63,5.63,9.44,2.48,4.8,6.62,5.13,4.47,5.79,5.63,5.79,0.99,4.47,nonDRNA
94,6.91,2.3,6.14,7.1,5.18,5.95,2.3,5.18,5.76,9.98,2.69,5.57,5.37,2.69,5.18,6.53,5.37,5.57,0.77,3.45,nonDRNA
95,9.31,0.53,6.68,6.15,3.51,9.84,3.34,8.26,7.03,5.45,3.16,4.92,3.87,2.81,2.99,5.1,7.73,5.8,0.7,2.81,nonDRNA
96,7.89,1.01,7.49,8.3,4.25,5.47,2.02,5.47,6.68,9.11,2.63,4.66,3.04,3.44,4.86,4.05,6.48,6.68,1.42,5.06,nonDRNA
97,7.29,0.4,6.48,4.45,5.67,6.07,0.81,5.67,3.64,6.88,0.81,6.07,4.86,4.05,3.24,11.34,8.5,7.69,2.43,3.64,nonDRNA
98,6.67,1.45,5.22,6.09,4.35,9.57,2.32,5.22,6.67,7.54,3.48,3.77,4.35,3.19,2.9,5.51,5.51,9.86,0.58,5.8,nonDRNA
99,6.92,3.57,11.38,4.46,3.79,11.61,1.79,3.79,2.9,5.36,2.46,4.91,3.12,3.12,2.01,8.04,8.71,5.36,2.01,4.69,nonDRNA
100,9.24,0.0,4.14,9.87,1.59,11.78,1.59,7.64,7.96,6.37,3.18,2.55,4.14,4.46,5.41,2.23,4.14,9.24,1.59,2.87,nonDRNA
101,7.04,1.69,4.82,5.74,4.69,6.91,2.35,6.0,3.52,12.65,3.52,3.39,4.82,4.95,6.39,4.82,4.69,6.26,2.09,3.65,nonDRNA
102,12.72,0.0,6.07,4.05,2.89,8.09,1.16,7.23,7.51,9.54,3.47,4.05,5.78,3.76,1.16,5.78,4.91,8.67,1.45,1.73,nonDRNA
103,7.07,0.13,3.66,4.55,6.82,8.71,1.89,7.83,4.92,11.24,3.03,3.28,3.54,3.66,3.54,4.55,4.67,8.33,3.66,4.92,nonDRNA
104,8.65,0.38,6.39,5.64,3.76,7.89,1.13,6.77,9.4,7.89,1.88,3.01,7.89,1.88,2.63,7.89,4.89,6.77,1.13,4.14,nonDRNA
105,6.67,0.77,5.13,8.46,5.64,9.49,3.85,5.9,5.64,8.21,2.05,4.1,4.62,2.05,3.59,6.92,5.64,6.67,0.77,3.85,nonDRNA
106,6.78,1.31,6.35,7.88,5.47,7.44,2.41,4.6,3.28,7.0,3.28,5.91,3.94,5.03,4.16,8.1,5.69,7.22,1.09,3.06,nonDRNA
107,6.57,2.29,7.43,7.71,4.86,5.43,2.57,8.0,7.43,8.57,3.43,4.0,1.43,3.71,4.86,6.29,5.71,5.43,0.57,3.71,nonDRNA
108,6.28,2.81,4.55,6.06,3.68,6.93,3.25,4.33,5.63,10.39,3.68,3.9,7.58,3.03,5.41,9.74,5.19,5.19,0.43,1.95,DNA
109,6.35,0.81,4.27,7.39,3.23,9.47,2.31,5.08,6.58,9.82,2.19,3.46,5.66,4.27,5.08,5.43,5.31,7.16,1.85,4.27,nonDRNA
110,5.66,4.4,6.29,3.77,1.26,11.32,1.89,3.14,11.95,4.4,1.26,3.14,2.52,0.63,0.63,7.55,16.35,6.92,1.89,5.03,nonDRNA
111,5.14,2.66,4.26,6.91,3.37,7.45,2.48,6.91,6.21,8.33,2.66,8.87,3.55,3.19,3.72,7.8,4.79,5.67,1.77,4.26,nonDRNA
112,3.58,0.28,7.16,5.51,4.68,7.99,5.79,8.26,6.61,6.61,3.86,3.58,6.34,1.93,3.03,3.86,7.71,7.44,2.2,3.58,nonDRNA
113,1.71,0.0,4.27,4.27,1.71,11.11,1.71,5.98,9.4,9.4,4.27,4.27,4.27,1.71,11.11,5.13,9.4,8.55,0.0,1.71,RNA
114,11.19,3.25,5.78,5.42,3.61,10.47,2.89,3.61,1.81,8.66,1.44,2.53,6.5,2.89,7.58,4.69,5.42,7.22,2.89,2.17,nonDRNA
115,9.94,0.56,6.57,6.75,4.69,6.57,1.13,5.07,4.32,12.01,2.81,4.13,4.69,3.56,6.38,6.57,3.56,5.63,0.56,4.5,nonDRNA
116,6.75,1.3,8.31,6.75,6.75,5.45,1.82,8.31,8.83,7.27,2.34,3.64,3.9,2.86,5.71,6.49,3.12,5.71,0.52,4.16,nonDRNA
117,5.26,1.97,8.55,4.61,3.29,17.11,5.92,7.89,6.58,5.92,1.32,5.92,4.61,2.63,1.97,5.92,3.95,5.26,0.0,1.32,nonDRNA
118,12.5,1.88,5.0,6.25,2.5,11.25,1.25,5.62,1.25,5.62,5.0,2.5,8.75,2.5,6.25,3.12,6.88,8.75,0.62,2.5,nonDRNA
119,5.23,2.29,6.97,6.75,4.36,8.61,1.96,6.1,6.97,9.8,3.81,3.49,2.51,2.94,5.99,5.77,6.32,7.52,0.44,2.18,nonDRNA
120,7.02,3.01,6.02,6.02,4.01,7.36,3.34,5.35,6.69,8.03,3.01,4.01,4.35,2.68,4.35,6.69,5.02,10.37,1.34,1.34,nonDRNA
121,9.52,0.68,5.44,5.44,5.44,8.84,5.44,0.68,7.48,12.93,1.36,6.12,2.72,3.4,3.4,4.08,1.36,12.93,1.36,1.36,nonDRNA
122,8.56,0.0,6.61,7.78,2.72,8.17,1.56,7.39,6.61,10.12,1.95,4.28,5.06,1.56,2.72,1.95,9.34,8.17,0.78,4.67,nonDRNA
123,5.17,0.0,9.05,6.47,2.59,6.47,3.02,3.88,4.31,17.67,3.02,3.88,3.88,4.74,7.76,5.17,5.17,5.6,0.86,1.29,nonDRNA
124,12.03,0.38,4.89,6.39,1.5,9.02,3.76,4.14,2.26,9.77,1.13,3.38,5.64,1.88,4.14,8.27,5.64,11.28,1.13,3.38,nonDRNA
125,3.01,0.33,7.36,5.35,3.68,7.36,1.0,7.69,6.02,10.37,3.01,5.69,7.02,4.68,5.35,6.35,4.68,5.35,1.0,4.68,DNA
126,7.81,0.0,6.25,8.33,1.56,7.29,1.04,4.17,7.29,7.81,5.73,4.69,3.65,2.6,5.73,5.21,7.29,11.46,0.52,1.56,nonDRNA
127,6.9,1.02,8.14,7.58,3.39,5.77,2.38,4.98,3.96,8.48,1.47,4.86,6.79,3.62,5.2,6.0,7.35,8.26,0.9,2.94,nonDRNA
128,15.28,1.04,5.9,5.56,4.86,13.54,1.04,3.82,7.99,6.6,1.74,2.78,2.43,2.08,3.47,4.86,4.86,9.38,0.35,2.43,nonDRNA
129,9.13,0.91,4.87,4.57,3.2,6.85,1.67,3.96,5.02,10.65,1.83,5.02,8.22,5.94,5.33,8.52,6.85,4.41,1.22,1.83,nonDRNA
130,3.45,0.0,2.76,6.9,3.45,6.9,3.45,4.83,11.03,9.66,5.52,1.38,5.52,4.83,10.34,5.52,4.14,6.21,0.0,4.14,RNA
131,5.03,0.0,7.1,3.55,3.85,11.54,0.89,2.66,8.28,7.1,2.66,6.8,2.07,4.14,2.07,3.85,6.21,6.21,5.33,10.65,nonDRNA
132,2.78,0.0,7.41,10.19,6.48,4.63,1.85,6.48,8.33,6.48,2.78,7.41,0.93,7.41,3.7,6.48,6.48,4.63,1.85,3.7,nonDRNA
133,9.27,1.61,6.05,8.87,3.23,6.05,1.61,8.47,3.23,8.06,2.02,0.4,4.84,4.44,8.87,7.26,4.03,7.66,1.61,2.42,nonDRNA
134,11.19,3.73,4.48,4.48,2.99,11.94,0.75,2.99,2.24,8.96,3.73,6.72,5.22,4.48,4.48,4.48,3.73,8.21,0.75,4.48,nonDRNA
135,9.59,0.37,7.01,7.38,4.06,8.12,0.74,8.49,8.49,8.86,2.21,5.9,1.85,3.69,3.32,4.06,7.38,5.17,0.74,2.58,nonDRNA
136,8.72,0.92,4.59,7.8,4.59,5.96,4.13,5.5,4.59,12.84,1.38,3.67,2.75,4.59,5.05,3.67,6.88,8.26,1.38,2.75,nonDRNA
137,5.7,1.27,5.7,9.81,4.11,2.85,1.27,6.01,12.66,7.91,3.16,5.06,5.7,3.48,7.28,3.48,4.43,6.33,1.27,2.53,nonDRNA
138,7.14,0.0,6.02,9.4,3.38,9.4,3.76,3.01,5.26,9.02,6.02,4.14,4.51,4.51,4.51,6.77,4.89,4.14,1.13,3.01,nonDRNA
139,8.26,1.38,5.96,5.96,5.05,11.47,1.83,3.67,4.59,7.34,1.38,1.83,7.34,5.05,6.88,7.8,3.21,8.26,0.0,2.75,nonDRNA
140,9.94,1.38,5.52,6.63,1.93,7.73,2.49,3.31,2.49,7.46,1.38,1.66,4.97,5.52,8.56,6.91,8.01,6.91,3.04,4.14,nonDRNA
141,7.41,1.39,4.63,7.41,4.63,5.56,2.78,9.72,9.26,8.33,1.39,4.17,5.09,4.17,3.7,4.63,2.31,11.11,0.93,1.39,nonDRNA
142,6.68,1.72,5.17,8.19,5.82,4.53,1.08,5.17,7.97,9.7,2.8,5.17,4.53,2.8,4.96,7.54,5.6,6.9,1.08,2.59,nonDRNA
143,4.72,0.79,5.51,11.02,3.94,3.94,0.0,7.87,5.51,7.87,5.51,7.09,2.36,7.09,4.72,7.09,3.15,7.87,0.0,3.94,DNA
144,7.47,0.16,5.25,10.97,3.97,6.2,1.91,7.95,8.9,10.65,2.38,4.29,4.29,1.91,5.88,3.18,2.7,6.68,1.43,3.82,RNA
145,0.0,10.84,3.61,4.82,0.0,9.64,2.41,3.61,4.82,9.64,1.2,7.23,2.41,3.61,7.23,4.82,14.46,4.82,1.2,3.61,nonDRNA
146,6.52,1.3,6.52,4.35,4.78,6.96,3.04,6.96,4.35,14.35,1.3,5.65,1.3,5.22,3.91,7.83,6.52,4.35,2.17,2.61,nonDRNA
147,10.39,0.0,3.58,7.17,2.15,6.81,1.79,7.89,8.24,10.75,2.51,3.23,2.87,2.15,2.51,8.96,7.17,8.6,0.36,2.87,nonDRNA
148,10.06,1.68,2.31,5.87,2.52,10.27,2.94,2.73,1.68,14.68,1.05,1.47,7.13,5.03,7.13,9.43,3.56,7.76,1.47,1.26,nonDRNA
149,7.73,1.6,6.13,6.93,3.47,7.47,2.4,7.47,5.07,7.2,4.53,2.4,5.07,3.2,4.8,6.67,6.93,5.87,1.07,4.0,nonDRNA
150,10.58,1.44,5.77,5.77,3.85,4.81,1.44,3.85,5.29,11.54,1.44,3.37,2.4,7.21,5.29,6.73,7.21,6.73,0.96,4.33,nonDRNA
151,8.22,0.0,2.74,7.53,3.42,15.07,2.74,4.11,11.64,8.22,0.68,5.48,3.42,2.05,7.53,5.48,4.11,6.85,0.0,0.68,nonDRNA
152,5.66,0.19,4.72,9.43,3.58,5.09,1.13,9.62,10.57,7.74,1.13,4.91,5.85,2.64,4.72,6.23,4.15,6.98,0.57,5.09,nonDRNA
153,4.55,1.92,7.19,7.31,5.87,6.71,1.92,5.03,7.78,8.62,2.87,2.63,4.19,3.59,6.35,8.38,4.67,6.23,1.32,2.87,RNA
154,14.29,0.82,4.9,6.12,4.08,8.16,1.22,6.12,4.49,9.39,3.67,2.86,4.08,1.22,5.31,7.76,7.35,5.31,0.41,2.45,nonDRNA
155,12.65,0.3,6.02,7.23,4.82,7.53,3.31,4.22,1.51,9.04,1.81,2.41,6.33,3.92,9.64,2.71,4.52,8.13,1.51,2.41,nonDRNA
156,6.33,1.51,5.12,5.42,2.11,7.83,3.31,6.33,8.13,11.45,3.01,3.92,3.01,3.61,3.01,7.23,3.92,10.84,1.81,2.11,nonDRNA
157,8.86,1.45,3.62,5.24,3.07,6.51,4.34,3.98,4.16,8.86,2.35,1.99,10.85,4.52,3.62,10.85,5.61,5.97,0.9,3.25,nonDRNA
158,11.32,0.63,5.97,7.23,2.52,7.86,0.31,7.23,10.69,6.92,3.77,4.4,3.77,2.83,2.52,5.97,5.03,7.86,1.26,1.89,nonDRNA
159,6.17,5.42,5.72,7.23,2.41,6.63,2.26,2.26,4.37,8.43,1.66,3.31,7.38,5.57,6.63,9.19,5.57,6.17,0.9,2.71,nonDRNA
160,8.67,1.5,5.5,5.0,3.17,8.0,3.83,5.33,4.33,9.67,2.0,5.33,5.83,3.67,4.83,5.0,5.33,7.0,2.67,3.33,nonDRNA
161,4.03,0.76,7.05,5.79,5.54,4.53,3.02,12.85,8.56,10.08,2.02,7.81,2.52,2.27,1.76,7.56,4.79,2.77,1.01,5.29,nonDRNA
162,11.54,0.0,4.55,9.09,3.5,4.9,0.7,6.99,6.64,7.34,3.5,3.15,4.2,3.85,6.99,5.94,6.99,6.64,0.0,3.5,nonDRNA
163,13.0,1.0,5.5,10.0,4.0,5.5,2.5,6.5,4.0,9.5,1.5,4.0,5.0,4.5,4.5,7.5,4.5,5.0,0.5,1.5,nonDRNA
164,16.88,1.19,6.42,5.35,3.21,8.44,2.5,2.85,2.62,8.68,3.09,2.14,5.47,3.21,9.63,5.35,2.62,6.42,0.83,3.09,nonDRNA
165,9.32,0.85,5.08,5.08,0.85,9.32,2.54,10.17,9.32,7.63,2.54,1.69,3.39,1.69,12.71,5.08,5.08,5.93,0.0,1.69,RNA
166,9.4,0.67,6.71,4.03,2.01,4.7,1.34,4.7,5.37,15.44,2.01,2.68,4.7,8.05,5.37,8.05,4.7,6.71,0.67,2.68,nonDRNA
167,7.74,3.05,5.44,4.05,4.99,5.78,1.89,4.51,5.44,9.7,2.14,4.76,3.85,3.3,3.32,7.45,7.13,9.84,1.14,4.46,nonDRNA
168,5.37,2.57,4.91,6.54,5.61,3.74,3.04,5.37,6.78,9.35,3.04,5.14,5.61,3.04,6.07,5.84,4.21,7.71,1.64,4.44,nonDRNA
169,7.69,2.43,6.07,6.68,3.85,6.07,1.62,8.3,7.29,7.09,1.62,4.66,4.86,3.04,5.26,6.68,5.06,7.69,1.01,3.04,nonDRNA
170,11.62,2.46,3.17,4.93,2.82,9.15,1.76,2.11,5.63,6.69,1.41,2.82,11.62,4.58,5.63,7.75,4.93,4.23,1.41,5.28,DNA
171,5.64,1.05,3.41,8.13,2.49,4.85,1.83,4.72,5.77,9.96,1.97,3.67,12.19,4.72,6.03,12.06,4.72,4.33,1.31,1.18,DNA
172,6.45,2.42,3.23,6.45,3.23,3.23,2.42,9.68,8.87,7.26,4.03,5.65,2.42,4.03,2.42,8.87,9.68,4.84,0.81,4.03,nonDRNA
173,7.68,0.33,8.66,5.72,2.94,11.93,2.94,4.25,5.72,7.68,2.12,3.76,4.58,2.61,5.23,4.58,6.7,5.39,2.45,4.74,nonDRNA
174,1.7,1.7,8.52,7.39,7.39,5.68,3.98,8.52,9.09,6.25,2.27,4.55,5.68,0.57,5.68,4.55,3.41,6.82,1.14,5.11,nonDRNA
175,4.37,1.17,9.33,6.71,5.83,7.0,3.5,8.45,6.71,12.83,2.04,2.92,4.08,2.92,2.62,6.12,4.96,4.37,0.58,3.5,nonDRNA
176,3.66,2.44,6.91,8.13,4.47,9.35,4.47,4.47,6.91,7.72,4.07,3.66,2.44,2.03,5.69,3.25,5.28,9.76,2.03,3.25,nonDRNA
177,14.08,2.43,3.88,3.88,2.43,11.17,1.94,3.4,4.85,9.22,2.43,3.4,5.83,1.46,4.85,7.28,5.83,7.28,2.43,1.94,nonDRNA
178,12.94,1.62,5.5,7.44,3.24,9.71,1.94,7.12,4.21,5.83,4.53,3.56,3.24,3.56,7.12,3.24,3.24,10.68,0.0,1.29,nonDRNA
179,7.09,4.1,5.22,4.1,2.24,8.96,2.61,5.22,4.48,9.7,1.12,5.22,4.48,2.99,5.22,6.72,5.6,8.96,3.73,2.24,nonDRNA
180,10.88,0.53,5.84,5.57,2.12,7.96,0.0,5.31,8.49,6.1,2.92,5.57,2.65,5.84,2.39,9.02,7.43,6.9,1.86,2.65,nonDRNA
181,5.93,2.39,5.77,8.57,2.39,5.6,3.46,3.29,7.25,7.58,2.31,3.54,7.17,4.61,7.58,9.06,4.53,5.19,1.07,2.72,nonDRNA
182,12.68,1.41,1.41,11.27,4.23,1.41,1.41,1.41,12.68,5.63,1.41,2.82,4.23,0.0,19.72,2.82,4.23,8.45,0.0,2.82,RNA
183,8.98,0.62,6.81,6.19,4.02,8.05,1.86,4.02,3.72,9.29,2.48,2.17,3.41,5.26,8.36,4.95,5.57,8.67,1.86,3.72,nonDRNA
184,7.21,1.92,4.33,9.13,3.85,2.88,4.33,4.33,6.73,14.9,1.92,5.77,1.92,2.88,6.25,9.13,3.37,4.33,0.48,4.33,nonDRNA
185,8.51,1.37,3.89,6.3,2.31,8.09,3.68,2.31,3.26,12.61,1.79,2.21,10.5,5.15,6.83,9.14,4.1,5.88,1.05,1.05,nonDRNA
186,3.9,0.7,6.27,7.24,5.57,7.52,1.53,6.13,5.71,9.19,2.09,7.1,4.87,3.48,5.43,4.74,4.6,6.41,2.09,5.43,nonDRNA
187,2.83,2.83,6.27,8.09,3.44,6.47,2.12,5.26,9.2,6.67,1.82,9.71,2.93,1.92,1.62,10.92,5.97,5.86,0.91,5.16,nonDRNA
188,21.51,0.0,4.78,5.18,1.59,12.35,1.99,3.59,0.8,7.57,1.59,2.79,2.39,0.8,7.17,5.58,5.18,11.16,2.39,1.59,nonDRNA
189,11.29,0.94,5.33,5.64,5.33,5.96,0.31,5.64,4.08,10.03,3.13,5.96,5.33,6.58,4.08,3.45,6.27,6.9,2.19,1.57,nonDRNA
190,5.45,2.27,5.0,7.27,2.27,7.27,5.45,6.36,4.55,12.73,2.27,5.91,2.73,4.09,5.45,4.55,4.09,7.27,2.73,2.27,nonDRNA
191,4.7,2.76,5.25,9.12,5.8,7.46,1.38,4.42,7.46,12.15,1.66,4.42,3.31,4.42,5.8,6.63,3.04,5.52,2.21,2.49,nonDRNA
192,10.67,1.12,5.06,7.87,2.25,8.43,1.69,3.37,6.74,11.8,1.69,0.0,3.37,1.12,10.11,5.06,3.93,10.67,1.69,3.37,nonDRNA
193,8.36,3.17,5.19,6.34,3.17,8.93,2.02,8.65,6.63,5.19,3.75,3.46,5.48,3.17,4.03,3.75,5.48,10.09,0.0,3.17,nonDRNA
194,5.44,2.22,6.04,8.16,4.63,6.75,2.82,4.73,5.34,10.57,2.72,3.83,4.33,4.43,5.44,7.35,4.53,5.84,1.41,3.42,nonDRNA
195,9.45,0.98,6.19,7.49,4.89,6.84,2.28,2.61,5.54,10.42,2.61,2.28,5.54,1.95,3.26,7.49,6.19,8.47,0.33,5.21,nonDRNA
196,9.62,7.69,11.54,7.69,3.85,9.62,0.0,0.0,7.69,1.92,1.92,1.92,11.54,0.0,0.0,3.85,3.85,9.62,1.92,5.77,nonDRNA
197,11.67,1.19,5.24,5.95,4.29,10.24,2.62,4.76,4.29,8.81,4.29,2.38,4.52,3.33,4.76,5.0,5.95,7.86,0.48,2.38,nonDRNA
198,10.37,0.46,4.84,6.91,3.69,5.53,3.46,2.53,3.23,13.13,0.69,4.15,6.22,7.83,8.29,6.45,4.61,3.69,2.76,1.15,DRNA
199,8.43,0.6,9.64,6.02,6.63,7.83,0.6,2.41,6.63,6.02,4.22,4.82,3.01,1.2,1.81,5.42,9.64,8.43,2.41,4.22,nonDRNA
200,20.0,0.61,3.64,9.09,3.64,5.45,0.61,3.03,7.27,9.09,3.64,1.82,3.03,1.82,7.27,3.64,5.45,9.09,0.0,1.82,RNA
201,8.25,1.1,5.78,3.44,3.58,9.49,1.24,3.71,3.99,7.84,2.06,10.32,3.16,3.58,2.06,9.9,7.57,6.33,1.38,5.23,nonDRNA
202,6.25,1.04,2.08,11.98,6.77,4.17,4.69,6.25,7.29,8.33,3.12,5.73,2.08,4.69,3.12,4.17,8.85,6.25,0.0,3.12,nonDRNA
203,9.24,0.0,5.88,9.24,5.88,3.36,1.68,8.4,10.08,5.88,3.36,1.68,5.88,1.68,6.72,5.88,3.36,6.72,0.0,5.04,nonDRNA
204,7.69,1.15,7.31,4.62,2.69,8.46,4.62,6.92,7.69,6.15,0.38,6.15,5.0,7.31,3.46,5.38,3.85,6.15,3.08,1.92,nonDRNA
205,16.28,0.23,7.21,6.74,2.79,6.98,1.86,6.51,3.02,8.6,1.63,2.56,4.19,2.09,7.44,5.12,4.65,9.07,0.7,2.33,nonDRNA
206,8.11,0.25,4.67,9.58,3.44,8.85,0.74,8.35,9.83,11.3,3.19,3.44,5.41,1.72,3.69,3.44,3.44,6.14,0.49,3.93,nonDRNA
207,8.67,0.0,2.67,3.33,2.67,3.33,3.33,4.0,16.0,7.33,2.67,8.0,2.67,2.0,4.67,6.67,10.67,8.0,0.0,3.33,RNA
208,2.52,0.0,3.36,5.04,1.68,12.61,2.52,4.2,8.4,10.92,3.36,4.2,4.2,1.68,13.45,4.2,7.56,9.24,0.0,0.84,RNA
209,10.59,0.0,12.94,8.24,8.24,9.41,2.35,7.06,8.24,5.88,3.53,2.35,2.35,2.35,5.88,3.53,4.71,2.35,0.0,0.0,nonDRNA
210,3.48,4.71,3.48,9.63,3.48,3.69,2.46,3.69,7.79,10.86,2.25,3.69,3.89,5.33,5.53,7.99,4.1,7.99,2.25,3.69,nonDRNA
211,10.22,0.44,6.22,6.67,3.11,7.11,4.74,3.56,1.93,8.3,1.19,2.22,8.3,2.22,8.74,4.15,8.59,7.11,2.37,2.81,nonDRNA
212,7.69,1.42,5.98,4.84,3.13,12.82,3.13,7.41,6.27,7.98,5.13,3.7,3.7,1.71,3.99,4.56,3.42,9.97,1.14,1.99,nonDRNA
213,7.98,2.66,5.99,8.2,4.43,7.98,2.88,5.99,4.21,7.1,2.22,3.55,4.43,3.55,4.66,4.88,6.65,7.54,0.89,4.21,nonDRNA
214,4.45,3.14,6.02,6.28,2.75,8.51,2.36,4.97,6.94,7.59,1.57,3.93,5.37,4.71,4.97,7.33,5.63,7.46,1.7,4.32,nonDRNA
215,5.67,1.62,5.67,5.67,4.86,5.26,2.43,6.07,2.43,15.79,1.62,3.24,4.86,8.91,8.1,6.07,4.05,5.26,1.62,0.81,nonDRNA
216,9.36,1.23,3.99,5.83,1.53,7.67,2.91,7.36,2.45,7.06,1.23,3.22,5.21,9.36,6.9,7.67,5.52,7.36,0.92,3.22,nonDRNA
217,9.84,4.51,5.74,5.33,3.69,5.74,2.46,5.74,5.74,6.97,3.69,5.33,5.74,3.69,4.1,5.74,4.92,5.74,0.82,4.51,nonDRNA
218,5.56,1.04,7.64,12.15,2.78,3.82,1.74,10.42,7.99,5.56,4.17,2.78,1.04,3.82,7.64,9.03,5.56,5.56,0.0,1.74,nonDRNA
219,6.28,1.45,7.25,5.8,6.28,6.76,0.48,9.18,9.66,7.25,2.9,5.8,0.97,3.38,6.28,5.8,6.28,4.35,0.97,2.9,nonDRNA
220,5.6,1.29,3.66,13.79,1.72,1.94,2.8,3.66,10.78,12.93,0.65,3.66,1.94,8.62,6.03,6.9,6.9,4.31,0.43,2.37,nonDRNA
221,9.35,4.56,4.8,4.08,3.12,10.55,1.92,3.84,2.4,9.59,1.2,2.4,5.28,4.8,6.95,7.19,5.04,8.15,2.4,2.4,nonDRNA
222,5.73,1.73,7.19,6.39,2.66,3.33,2.53,7.06,9.99,7.72,1.2,7.32,4.66,3.6,5.46,10.52,5.33,3.33,0.93,3.33,nonDRNA
223,4.07,2.88,4.92,9.15,4.92,7.12,2.37,4.24,8.81,9.66,2.2,4.58,4.92,4.07,6.27,5.76,3.9,5.76,0.85,3.56,nonDRNA
224,11.62,2.28,4.33,1.82,2.73,7.97,0.91,5.01,2.96,6.15,0.46,6.83,7.29,6.38,1.37,10.02,8.88,6.38,2.73,3.87,nonDRNA
225,20.61,2.03,5.41,5.74,4.05,4.73,2.03,1.01,7.09,8.45,1.69,2.03,12.84,1.69,5.74,6.76,2.36,2.03,0.34,3.38,nonDRNA
226,7.14,0.6,8.93,5.95,1.19,4.76,1.79,5.95,5.95,11.31,2.98,3.57,4.76,5.36,5.36,5.95,4.17,11.31,0.0,2.98,nonDRNA
227,13.49,2.29,4.33,7.12,1.78,8.65,2.29,4.58,9.41,5.34,2.04,2.8,5.6,4.07,8.4,6.11,3.82,4.33,0.25,3.31,nonDRNA
228,5.53,4.74,5.53,2.77,1.58,8.7,2.77,2.77,6.32,11.46,2.77,3.95,5.93,4.35,4.74,7.91,7.51,7.11,1.98,1.58,nonDRNA
229,9.58,1.15,8.05,6.9,2.68,6.9,2.3,4.98,6.9,12.26,2.68,4.98,4.21,1.92,4.6,3.45,5.36,6.13,0.77,4.21,nonDRNA
230,9.36,1.67,6.02,13.71,4.01,6.02,1.34,2.01,6.02,11.04,4.35,2.01,6.69,7.02,1.67,8.7,5.02,2.01,0.33,1.0,nonDRNA
231,9.78,0.0,5.43,1.09,3.99,10.87,2.17,4.35,2.9,10.51,0.36,6.52,5.43,6.16,4.71,5.43,5.43,8.33,3.26,3.26,nonDRNA
232,10.17,0.0,4.07,9.83,2.71,7.46,2.03,9.83,8.81,8.81,3.05,3.05,4.75,1.69,4.75,2.03,4.41,8.14,0.34,4.07,nonDRNA
233,10.15,0.0,10.01,5.15,1.95,7.65,0.0,6.26,10.29,7.23,1.25,5.84,2.23,2.09,1.53,8.34,7.37,9.6,0.14,2.92,nonDRNA
234,7.07,4.89,3.26,2.72,2.72,12.5,2.17,6.52,8.15,3.8,0.54,5.98,3.26,5.98,4.35,6.52,4.35,8.15,2.17,4.89,nonDRNA
235,8.24,3.2,4.12,1.83,3.66,10.07,1.6,3.2,2.52,5.72,1.14,6.86,4.81,5.49,1.6,10.07,10.76,6.18,3.66,5.26,nonDRNA
236,5.33,3.45,3.45,3.45,3.45,10.03,2.82,2.51,1.57,8.15,0.63,1.88,14.42,2.51,7.21,17.24,5.96,2.51,0.94,2.51,nonDRNA
237,18.29,4.88,4.88,6.1,2.44,6.1,2.44,1.22,3.66,7.32,1.22,4.88,8.54,3.66,4.88,7.32,2.44,4.88,3.66,1.22,nonDRNA
238,5.78,4.66,4.31,8.42,3.2,5.71,2.92,4.38,9.05,5.5,1.81,3.97,6.33,4.94,5.43,9.6,4.73,5.36,1.18,2.71,nonDRNA
239,13.06,0.45,5.86,8.11,2.25,9.91,0.9,9.01,6.31,4.95,3.15,2.7,3.15,4.5,5.41,4.95,5.41,7.66,0.0,2.25,nonDRNA
240,11.47,0.8,8.27,4.53,6.4,5.07,4.8,4.0,5.33,11.73,2.13,4.0,5.07,3.47,3.73,3.47,3.47,5.87,1.33,5.07,nonDRNA
241,6.54,0.65,2.61,13.07,1.96,9.15,4.58,7.84,10.46,10.46,1.96,3.92,4.58,1.96,5.23,3.27,1.96,3.92,3.27,2.61,nonDRNA
242,8.03,1.67,5.3,6.52,4.24,7.27,4.09,7.88,3.79,9.55,1.36,4.24,5.3,3.03,6.82,5.45,4.09,6.36,1.52,3.48,nonDRNA
243,8.38,0.0,5.03,2.79,2.79,12.29,3.35,3.91,6.15,7.26,2.23,6.15,2.23,1.68,5.59,7.26,4.47,9.5,2.79,6.15,nonDRNA
244,10.99,7.69,4.4,6.59,4.4,12.09,6.59,3.3,20.88,4.4,3.3,1.1,4.4,1.1,0.0,2.2,1.1,5.49,0.0,0.0,nonDRNA
245,13.81,1.5,8.11,8.71,3.9,7.81,0.9,3.3,4.2,6.61,3.0,3.9,6.31,1.2,3.3,3.0,4.8,9.01,4.8,1.8,nonDRNA
246,6.65,1.43,6.18,7.84,4.51,5.94,1.9,4.04,13.3,9.26,2.61,4.28,4.99,3.56,2.14,3.56,5.46,8.79,0.95,2.61,nonDRNA
247,7.79,0.82,6.56,7.79,4.51,7.38,0.82,4.92,5.74,8.2,0.82,3.69,5.33,5.33,4.51,6.56,9.84,6.97,0.0,2.46,nonDRNA
248,9.96,2.14,6.76,4.63,4.98,9.25,2.14,4.63,4.63,9.96,2.49,2.49,5.69,3.56,6.05,5.34,3.2,11.03,0.0,1.07,nonDRNA
249,10.4,0.71,4.96,5.91,3.55,6.86,5.44,4.96,3.55,11.58,1.42,5.67,3.07,6.86,5.67,5.44,5.91,5.67,0.71,1.65,nonDRNA
250,9.98,2.98,4.47,4.25,2.89,7.75,2.06,4.6,3.55,10.16,2.06,2.19,6.79,3.06,5.43,7.44,7.49,7.79,1.93,3.15,nonDRNA
251,4.69,2.82,3.29,3.29,5.63,3.29,1.88,3.76,10.33,12.21,3.29,1.41,5.16,3.29,4.23,10.8,7.98,7.51,2.35,2.82,nonDRNA
252,9.73,0.0,2.02,2.65,8.85,8.6,3.16,4.42,2.65,14.16,3.03,3.03,4.93,2.4,2.78,4.93,5.69,7.71,4.3,4.93,nonDRNA
253,6.68,2.23,5.23,5.18,4.41,6.77,2.41,5.32,5.64,7.64,3.18,4.68,5.45,4.09,4.18,6.86,6.77,7.73,1.45,4.09,nonDRNA
254,6.86,3.92,2.45,4.41,6.86,5.88,3.43,2.94,3.92,8.33,3.43,4.9,6.86,5.88,5.88,9.8,5.39,3.92,1.47,3.43,nonDRNA
255,9.23,3.42,4.02,3.82,2.86,8.37,2.32,4.42,3.19,10.16,1.83,2.92,6.97,2.99,5.75,6.94,7.21,7.94,2.36,3.29,nonDRNA
256,6.83,2.44,4.63,8.05,4.15,9.02,2.2,3.17,5.61,11.95,2.93,3.17,3.17,1.95,6.59,6.83,3.9,6.1,1.71,5.61,nonDRNA
257,7.15,0.9,3.75,6.56,2.31,6.65,2.49,5.65,4.57,12.3,1.99,3.98,5.83,7.24,3.84,8.68,5.7,6.29,1.54,2.58,nonDRNA
258,9.51,1.36,5.98,5.71,3.26,7.34,2.45,1.9,3.26,10.05,1.9,2.45,5.71,4.89,7.34,4.35,7.61,7.61,2.99,4.35,nonDRNA
259,8.74,1.09,7.65,6.56,3.28,2.73,4.92,6.56,3.83,13.66,2.19,4.37,3.28,3.83,6.56,7.1,5.46,3.83,1.64,2.73,nonDRNA
260,6.02,0.39,6.41,9.57,2.37,4.54,3.06,5.42,11.34,5.42,3.55,4.14,3.94,5.23,4.83,8.28,4.64,5.92,0.3,4.64,nonDRNA
261,13.61,0.3,5.03,10.65,2.37,5.03,0.3,7.1,12.13,10.65,1.78,3.25,5.92,2.37,2.66,3.25,3.25,8.28,0.3,1.78,RNA
262,7.78,2.33,4.78,6.89,3.89,6.22,1.67,4.22,5.11,12.11,1.0,3.44,6.22,6.33,5.22,5.0,5.89,6.78,2.11,3.0,nonDRNA
263,3.72,1.6,5.85,9.57,4.26,3.19,4.79,7.98,9.57,10.64,2.66,8.51,3.19,1.6,2.66,5.85,5.32,3.72,1.6,3.72,nonDRNA
264,12.62,0.0,5.83,6.31,5.34,6.31,3.88,2.91,8.25,9.71,1.94,5.83,4.37,2.91,2.91,5.34,4.37,4.85,2.91,3.4,nonDRNA
265,3.48,0.41,5.52,11.66,4.7,5.11,1.23,9.2,6.54,11.25,1.23,6.34,2.86,2.66,5.32,6.75,3.27,9.2,0.82,2.45,nonDRNA
266,6.97,0.65,6.06,10.06,4.13,6.84,1.55,6.84,9.94,8.13,1.29,1.94,4.52,1.68,7.48,2.84,4.39,7.61,1.29,5.81,DNA
267,9.82,1.64,4.91,8.0,3.64,7.64,1.27,7.82,7.27,9.27,2.73,5.27,2.91,4.18,3.64,6.18,5.27,6.91,0.55,1.09,nonDRNA
268,6.6,0.66,7.59,6.27,4.95,8.25,1.98,5.61,10.56,8.91,2.64,4.29,2.97,3.3,1.65,5.28,6.27,6.27,0.99,4.95,nonDRNA
269,11.75,1.91,4.64,6.01,2.73,9.56,1.91,6.28,4.1,7.65,2.19,3.28,6.28,3.01,8.2,4.92,4.92,6.01,0.55,4.1,nonDRNA
270,6.77,3.65,6.25,4.69,3.12,5.73,1.04,5.21,8.85,10.94,1.56,3.12,7.29,2.6,4.69,3.65,6.77,8.85,1.04,4.17,nonDRNA
271,7.1,3.48,5.39,4.6,6.0,6.61,1.59,5.39,6.29,8.76,2.2,5.51,2.99,2.72,3.04,6.63,5.61,10.6,1.4,4.11,nonDRNA
272,5.24,0.0,8.01,5.39,7.86,5.55,2.0,6.93,8.78,8.78,2.47,6.32,3.24,3.08,2.0,7.4,5.24,5.7,0.31,5.7,nonDRNA
273,8.94,1.49,4.47,6.86,1.34,5.81,2.09,5.51,11.18,9.99,1.34,5.07,4.02,7.45,3.73,7.3,4.77,4.77,0.89,2.98,nonDRNA
274,5.65,1.66,3.99,6.15,6.98,7.81,1.66,5.15,6.15,9.14,2.16,6.64,4.98,3.32,3.99,6.48,6.15,5.48,3.16,3.32,nonDRNA
275,4.55,1.21,3.94,3.94,5.15,6.36,3.03,6.97,5.76,10.91,4.24,6.36,5.76,4.55,4.24,6.67,4.24,7.58,1.21,3.33,nonDRNA
276,6.93,3.46,2.16,7.36,4.76,6.49,2.16,4.33,4.33,5.19,3.03,7.36,4.76,8.23,7.36,6.06,3.9,5.63,3.03,3.46,nonDRNA
277,5.38,1.92,6.15,5.77,4.62,6.92,4.62,3.85,6.92,8.46,1.54,4.62,8.08,3.08,4.62,7.31,4.62,5.38,3.08,3.08,nonDRNA
278,10.11,1.08,7.58,4.33,3.25,10.83,1.81,2.53,2.89,5.05,3.25,3.61,7.94,3.25,6.86,5.78,4.69,5.42,6.14,3.61,nonDRNA
279,12.88,1.31,5.46,5.02,3.71,7.86,2.84,3.28,1.97,12.23,2.18,2.62,5.46,5.24,6.33,6.55,4.8,7.64,0.66,1.97,nonDRNA
280,3.86,0.77,6.95,10.04,5.02,8.11,0.77,6.56,7.34,11.97,2.32,4.63,3.09,2.7,5.02,6.56,3.47,6.95,1.54,2.32,nonDRNA
281,10.14,1.05,5.59,6.64,3.5,6.99,2.45,5.94,4.55,11.54,3.15,2.8,4.9,2.8,6.64,5.94,7.34,5.24,1.4,1.4,nonDRNA
282,21.09,0.0,3.12,6.64,3.91,14.45,1.17,3.91,2.34,11.72,0.78,3.12,2.73,0.78,4.69,5.47,5.86,6.64,0.39,1.17,nonDRNA
283,9.32,1.55,6.21,9.01,4.66,7.14,2.17,3.42,6.21,15.84,1.24,3.11,4.66,1.24,5.28,4.66,3.73,4.97,1.86,3.73,nonDRNA
284,13.33,0.74,4.81,8.89,2.96,10.37,2.96,1.85,4.07,13.33,0.37,1.48,5.19,1.11,7.78,4.44,2.22,10.37,1.85,1.85,nonDRNA
285,7.76,1.0,5.51,7.88,3.63,5.63,2.88,8.39,4.01,10.26,3.25,4.76,4.38,5.01,5.88,6.51,3.5,6.13,1.63,2.0,nonDRNA
286,5.26,1.32,5.26,7.89,5.26,8.55,2.63,6.58,8.55,7.24,3.29,3.29,4.61,2.63,5.92,5.26,2.63,9.21,1.97,2.63,nonDRNA
287,15.33,2.09,4.88,6.97,4.88,12.89,1.05,4.88,6.62,8.36,5.23,2.44,4.18,1.39,4.18,3.48,2.79,7.32,0.35,0.7,nonDRNA
288,9.64,0.9,6.63,6.02,2.71,8.73,1.2,8.73,3.92,6.93,4.52,4.52,3.92,3.92,6.33,6.02,5.42,5.72,2.11,2.11,nonDRNA
289,4.51,8.27,4.51,3.01,3.01,3.01,5.26,3.01,5.26,10.53,5.26,0.75,3.76,2.26,9.02,16.54,4.51,4.51,0.0,3.01,nonDRNA
290,6.99,1.61,4.84,8.6,3.76,7.53,1.61,8.06,6.99,8.6,2.15,4.84,3.76,3.23,7.53,3.23,6.45,4.84,2.15,3.23,nonDRNA
291,10.62,2.71,5.21,6.25,2.92,7.29,3.12,3.54,2.92,10.42,1.88,3.54,3.96,4.58,6.67,7.71,5.42,6.67,1.04,3.54,nonDRNA
292,5.13,2.51,6.38,7.52,5.13,5.47,2.62,4.78,7.52,9.34,3.08,3.42,5.01,4.56,5.92,6.95,3.64,5.92,1.48,3.64,nonDRNA
293,13.33,1.85,6.3,4.81,3.33,11.85,4.07,2.59,0.74,10.74,1.85,1.85,7.78,2.59,7.04,4.07,4.81,7.04,1.48,1.85,nonDRNA
294,11.97,1.5,2.99,2.99,2.74,6.48,3.24,3.49,3.49,8.73,3.49,8.23,5.99,8.98,3.74,8.98,4.99,4.24,0.5,3.24,RNA
295,10.86,0.75,5.62,5.62,3.75,9.74,2.62,7.49,5.62,9.36,2.25,5.62,1.12,2.62,5.24,7.87,5.24,6.37,0.37,1.87,nonDRNA
296,7.84,1.57,6.9,6.27,3.13,10.97,3.13,6.9,2.82,10.34,3.13,3.13,5.64,2.82,6.27,3.13,5.64,7.52,0.94,1.88,nonDRNA
297,3.03,2.02,4.04,4.04,2.02,13.13,1.01,11.11,8.08,11.11,2.02,5.05,6.06,5.05,2.02,1.01,8.08,8.08,2.02,1.01,nonDRNA
298,4.42,0.95,4.73,6.31,5.99,6.62,2.84,7.89,5.99,8.83,2.21,6.62,5.36,2.84,5.68,7.57,4.42,7.57,0.95,2.21,nonDRNA
299,7.42,3.28,5.64,4.07,5.2,5.72,2.12,4.72,5.62,9.07,2.35,5.02,3.87,3.19,3.5,7.11,6.84,9.2,1.14,4.92,nonDRNA
300,9.94,1.71,5.12,8.07,3.42,6.52,3.88,5.9,6.21,6.99,2.64,3.88,5.28,3.42,4.81,5.28,6.06,5.9,1.71,3.26,nonDRNA
301,15.75,0.68,5.48,6.16,2.74,5.48,2.74,8.22,6.85,9.59,2.05,2.74,4.79,6.16,1.37,0.68,5.48,9.59,0.68,2.74,nonDRNA
302,6.65,3.86,4.94,5.36,3.22,9.66,2.36,5.79,6.01,8.15,3.0,3.86,4.94,1.5,4.29,7.94,7.94,4.51,1.72,4.29,nonDRNA
303,14.04,1.17,8.19,3.22,3.22,7.89,2.92,4.09,3.51,12.28,2.34,1.75,3.8,3.22,8.19,4.39,5.56,7.6,1.17,1.46,nonDRNA
304,5.33,2.54,6.35,6.85,4.82,4.57,3.05,5.84,8.38,6.6,4.06,3.81,4.57,2.54,4.06,6.35,5.58,8.63,1.27,4.82,nonDRNA
305,3.49,2.95,5.9,8.58,3.75,4.29,1.61,9.38,11.26,8.85,3.49,7.77,3.22,3.49,3.49,6.43,2.14,4.56,1.34,4.02,nonDRNA
306,4.04,0.9,6.73,4.93,5.38,7.62,0.45,6.28,7.17,7.62,0.9,7.17,7.17,0.9,2.69,12.56,6.28,7.17,1.35,2.69,nonDRNA
307,5.39,1.8,4.19,2.4,3.59,13.17,2.4,4.79,4.79,10.78,0.6,3.59,2.99,2.4,5.99,11.98,3.59,7.78,1.8,5.99,nonDRNA
308,5.05,1.57,6.01,5.4,4.71,5.6,2.73,4.58,5.94,8.47,3.21,5.74,5.12,3.48,4.99,10.04,5.26,7.17,1.5,3.42,nonDRNA
309,4.7,0.22,4.25,9.4,4.7,10.07,0.89,8.5,8.95,8.95,2.91,2.24,5.15,0.22,3.8,5.82,3.58,7.61,0.67,7.38,nonDRNA
310,6.45,1.08,6.45,9.68,4.3,4.3,5.38,7.53,12.9,10.75,2.15,4.3,1.08,2.15,2.15,4.3,3.23,6.45,1.08,4.3,nonDRNA
311,9.57,0.0,7.45,1.6,4.79,14.36,3.19,2.13,0.0,9.57,1.06,5.85,2.13,5.32,0.0,12.23,6.91,7.98,0.53,5.32,nonDRNA
312,6.52,2.12,6.82,7.58,4.55,5.61,1.82,6.97,8.33,10.76,2.58,4.09,3.03,4.55,5.3,4.85,4.09,6.36,0.76,3.33,nonDRNA
313,7.22,0.76,1.14,4.18,4.94,7.6,2.28,5.32,5.32,12.93,4.18,2.66,1.9,3.04,2.66,6.08,4.56,13.31,4.94,4.94,nonDRNA
314,21.36,0.97,6.47,5.5,3.88,7.77,2.91,6.15,1.29,7.44,1.62,3.24,3.88,2.27,5.5,4.53,4.85,6.47,0.65,3.24,nonDRNA
315,4.59,1.83,6.42,8.26,5.96,5.05,2.29,6.42,9.17,12.39,3.67,4.59,5.5,1.83,4.59,4.59,2.75,2.75,1.83,5.5,nonDRNA
316,8.65,0.0,4.81,5.77,4.81,9.62,0.96,7.69,15.38,3.85,0.96,5.77,2.88,2.88,5.77,4.81,2.88,12.5,0.0,0.0,RNA
317,11.16,0.0,8.58,5.15,0.86,6.01,1.29,6.44,3.0,10.3,0.43,4.72,1.72,6.44,4.29,7.3,8.58,9.87,0.43,3.43,nonDRNA
318,9.58,1.92,5.36,9.96,5.75,6.9,2.68,11.11,7.66,4.21,3.45,3.45,4.21,2.3,2.3,4.6,5.36,6.51,0.38,2.3,nonDRNA
319,7.2,1.2,6.4,7.6,4.4,6.4,3.6,6.8,3.6,8.8,2.0,0.8,6.8,2.0,9.2,4.4,5.2,8.0,2.8,2.8,nonDRNA
320,10.99,4.71,1.57,10.99,2.09,5.76,1.57,2.62,7.85,5.24,4.71,5.76,5.76,3.66,4.19,5.24,4.19,9.42,1.05,2.62,nonDRNA
321,8.33,5.39,9.31,6.37,5.39,8.33,3.43,0.49,4.41,8.33,2.45,1.96,6.37,3.43,12.25,3.43,4.41,1.96,2.45,1.47,nonDRNA
322,5.5,0.32,6.15,7.12,3.88,3.24,1.29,11.33,11.97,10.36,0.65,5.83,2.59,3.56,5.83,8.74,5.18,3.56,0.0,2.91,DNA
323,8.58,1.12,6.72,7.84,5.22,6.34,0.75,4.85,8.21,8.21,2.24,5.22,5.6,6.72,3.36,4.48,3.36,7.46,0.75,2.99,nonDRNA
324,8.41,1.08,5.82,4.74,4.09,5.82,2.8,5.39,6.47,9.48,2.8,3.88,4.53,2.8,3.88,11.64,5.82,7.97,0.65,1.94,nonDRNA
325,3.98,1.1,5.41,5.33,4.65,6.85,1.95,8.97,5.33,9.9,1.69,7.36,3.3,4.91,4.57,7.95,5.92,3.81,1.52,5.5,nonDRNA
326,8.22,0.0,0.68,8.22,3.42,16.44,1.37,3.42,11.64,8.9,1.37,6.85,3.42,2.05,6.16,4.79,5.48,6.85,0.0,0.68,RNA
327,11.66,1.08,5.4,6.05,5.4,8.42,1.94,4.54,3.02,9.07,3.02,3.02,4.54,3.89,5.83,6.91,5.62,7.56,0.43,2.59,nonDRNA
328,5.22,2.34,5.94,5.58,5.04,6.29,2.34,4.32,8.81,9.35,2.7,3.42,6.47,2.88,5.04,8.81,3.06,5.22,2.7,4.5,nonDRNA
329,7.55,1.42,4.25,9.91,6.6,7.08,2.36,6.6,6.13,9.91,1.42,4.72,4.25,1.89,4.72,6.13,3.3,7.55,0.94,3.3,nonDRNA
330,11.9,1.25,5.01,6.47,3.76,9.39,4.18,4.18,2.09,9.19,2.3,2.51,5.22,3.76,6.47,5.64,5.64,6.68,1.88,2.51,nonDRNA
331,6.73,3.85,5.77,10.58,0.96,8.65,1.92,6.73,4.81,10.58,2.88,2.88,2.88,1.92,3.85,3.85,6.73,9.62,0.96,3.85,nonDRNA
332,9.02,0.19,6.53,6.33,3.65,7.68,2.69,5.37,7.49,8.64,2.5,5.37,3.84,4.99,2.5,7.29,6.14,5.18,0.96,3.65,nonDRNA
333,5.62,2.25,4.49,7.87,4.49,10.67,1.69,8.43,8.99,7.3,1.69,3.37,2.81,3.93,9.55,3.93,3.93,5.06,0.56,3.37,RNA
334,5.16,0.27,6.25,5.16,7.34,4.89,0.82,10.05,9.51,8.42,1.09,8.7,3.53,2.99,2.45,8.15,5.71,3.26,1.9,4.35,nonDRNA
335,6.45,0.0,2.15,9.68,1.08,5.38,1.08,10.75,12.9,9.68,1.08,2.15,2.15,6.45,3.23,3.23,6.45,8.6,1.08,6.45,DNA
336,5.25,0.83,7.04,13.26,3.59,4.7,1.8,6.63,10.36,8.56,2.62,3.87,3.18,2.9,4.42,6.63,4.7,5.8,0.55,3.31,nonDRNA
337,7.87,3.54,5.12,5.51,4.33,8.27,3.94,4.72,1.97,12.2,1.97,2.36,5.51,4.33,7.48,5.91,7.09,5.91,0.0,1.97,nonDRNA
338,7.51,2.89,6.01,7.75,4.86,4.05,2.89,6.24,6.71,9.94,2.77,5.32,3.58,5.43,4.62,6.47,4.62,5.2,1.04,2.08,nonDRNA
339,5.61,3.23,4.08,6.88,3.91,7.9,4.59,3.4,3.31,11.89,1.78,2.89,6.8,5.27,6.88,6.2,4.76,6.29,1.44,2.89,nonDRNA
340,8.79,1.21,6.55,6.03,5.0,6.72,3.28,5.69,4.48,9.14,2.24,3.28,6.03,3.45,5.52,7.07,4.83,7.59,1.03,2.07,nonDRNA
341,5.26,1.97,5.26,8.55,5.26,9.87,2.63,6.58,6.58,7.24,3.29,3.29,3.95,3.29,5.26,4.61,3.29,9.21,1.97,2.63,nonDRNA
342,9.5,1.68,5.03,5.59,2.79,5.03,3.91,6.7,3.91,8.94,3.91,5.59,2.23,7.82,6.15,5.03,3.35,6.15,1.68,5.03,nonDRNA
343,9.23,0.51,3.59,8.21,5.13,2.56,0.51,9.74,8.21,12.82,2.56,3.08,2.56,3.08,3.59,6.15,4.62,7.18,2.56,4.1,nonDRNA
344,5.81,3.24,4.67,6.67,3.24,4.29,2.57,4.57,6.29,7.81,1.9,4.95,9.05,7.33,4.67,10.0,4.57,5.9,0.67,1.81,nonDRNA
345,4.59,1.83,9.63,4.13,4.13,7.34,2.29,6.88,7.34,9.63,3.21,3.67,4.13,1.38,5.5,5.05,5.05,9.17,0.0,5.05,nonDRNA
346,7.56,2.25,4.02,8.36,4.34,8.68,2.25,6.27,6.27,8.68,3.54,4.66,6.91,2.89,4.34,5.79,3.86,4.98,2.57,1.77,nonDRNA
347,4.29,1.84,3.07,5.52,2.45,14.11,1.84,7.36,5.52,6.13,1.84,7.36,4.29,0.61,3.68,11.04,8.59,6.75,1.84,1.84,nonDRNA
348,7.01,0.64,5.1,9.24,5.41,5.1,1.91,10.19,7.96,9.24,2.23,4.14,6.37,1.59,3.82,4.46,5.41,5.73,0.32,4.14,nonDRNA
349,13.68,1.28,9.83,3.42,3.42,8.12,1.28,4.27,1.71,9.4,1.71,0.85,3.85,2.99,8.97,5.13,5.13,10.68,1.71,2.56,nonDRNA
350,8.92,1.53,6.24,3.18,5.61,9.94,1.27,5.48,2.8,5.73,2.17,8.03,5.73,5.48,3.31,4.84,7.9,7.01,2.04,2.8,nonDRNA
351,12.06,0.5,1.01,3.52,4.02,10.05,1.01,9.55,5.53,13.07,4.52,1.51,3.52,0.5,2.51,8.54,1.51,10.55,1.51,5.03,nonDRNA
352,13.4,2.39,3.83,6.22,2.87,6.7,1.91,4.31,1.91,11.48,3.83,3.35,7.18,5.26,4.78,6.22,4.31,7.66,0.96,1.44,nonDRNA
353,8.32,0.4,5.94,4.95,3.37,8.51,1.58,6.34,5.35,6.53,2.18,5.35,4.75,3.76,3.17,8.51,7.33,6.73,1.98,4.95,nonDRNA
354,5.78,0.98,5.26,10.5,2.2,3.01,2.39,4.64,7.98,12.35,2.17,4.48,3.55,8.33,5.37,6.59,5.43,5.35,1.95,1.68,nonDRNA
355,9.47,0.28,6.13,5.01,4.18,7.8,1.67,5.57,2.79,9.19,3.06,4.46,5.85,4.74,3.06,7.52,6.96,6.69,1.67,3.9,nonDRNA
356,5.81,2.33,1.16,2.33,4.07,8.72,1.16,5.81,4.65,11.05,2.91,7.56,2.91,5.81,0.58,15.12,6.98,5.81,2.91,2.33,nonDRNA
357,7.51,1.73,2.89,1.73,2.31,8.09,2.31,6.36,5.2,9.83,3.47,10.4,3.47,3.47,1.73,6.36,12.14,6.94,0.58,3.47,nonDRNA
358,4.53,1.26,6.55,8.56,3.78,6.05,1.76,6.8,8.06,10.83,2.02,5.54,2.27,3.78,4.79,8.82,2.27,8.06,0.76,3.53,nonDRNA
359,6.41,1.28,2.56,5.13,3.85,6.41,3.85,2.56,8.97,7.69,2.56,5.13,2.56,1.28,14.1,6.41,6.41,10.26,1.28,1.28,RNA
360,9.57,0.0,3.19,4.06,2.61,6.38,0.58,8.41,3.48,8.12,1.45,5.51,6.67,6.09,3.48,7.83,7.25,7.54,0.87,6.96,nonDRNA
