BTC_T,BTC_H,BTC_S,BTC_D
2825,1538,2568,257
6045,3374,5542,503
1128,638,1033,95
6412,3522,5843,569
4883,2660,4434,449
872,492,803,69
19854,10919,18192,1662
7754,4306,7088,666
4124,2263,3754,370
5999,3339,5481,518
2800,1525,2546,254
1924,1066,1758,166
11057,6142,10122,935
3598,1952,3291,307
2036,1135,1870,166
20282,10969,18372,1910
16951,9277,15458,1493
6864,3799,6263,601
9814,5409,8959,855
18048,9805,16377,1671
2218,1244,2033,185
3915,2172,3577,338
5747,3191,5257,490
9622,5298,8772,850
11842,6416,10750,1092
6211,3402,5656,555
983,522,891,92
9757,5383,8945,812
7792,4306,7127,665
5864,3221,5361,503
9398,5123,8545,853
4805,2650,4380,425
7226,4016,6615,611
3193,1752,2911,282
3267,1788,2972,295
7287,4063,6672,615
8842,4781,7994,848
9165,4940,8338,827
3710,2051,3383,327
5837,3193,5310,527
25035,13685,22755,2280
3905,2131,3551,354
8952,5001,8207,745
4511,2465,4091,420
1349,755,1239,110
4746,2583,4332,414
6376,3497,5800,576
4276,2375,3917,359
3932,2122,3558,374
7448,4119,6809,639
2125,1194,1952,173
8594,4712,7834,760
7675,4180,6983,692
2340,1289,2135,205
6108,3344,5566,542
7118,3945,6507,611
6961,3792,6348,613
5247,2928,4808,439
2587,1423,2357,230
8851,4824,8041,810
5839,3234,5335,504
5911,3219,5397,514
56714,31324,51959,4755
4076,2274,3737,339
5538,3017,5039,499
3995,2148,3604,391
4446,2447,4070,376
2985,1656,2730,255
3586,1948,3249,337
14073,7779,12854,1219
6824,3759,6230,594
7297,3977,6592,705
5798,3156,5262,536
5866,3235,5362,504
7132,3879,6473,659
16590,9238,15221,1369
3156,1761,2895,261
2070,1140,1893,177
3972,2137,3591,381
14561,7904,13236,1325
2471,1333,2238,233
2803,1522,2544,259
5970,3303,5449,521
4331,2359,3938,393
6724,3759,6171,553
21661,11820,19748,1913
4336,2330,3912,424
4127,2254,3753,374
3842,2116,3513,329
11135,6133,10181,954
4637,2578,4242,395
9883,5366,8976,907
5767,3117,5216,551
11153,6062,10130,1023
9470,5171,8623,847
9877,5437,9009,868
9038,4933,8211,827
4332,2352,3927,405
6153,3375,5601,552
7646,4075,6900,746
5555,3093,5086,469
14155,7764,12889,1266
5968,3344,5480,488
14606,8008,13240,1366
4702,2601,4302,400
6912,3768,6275,637
8066,4368,7310,756
6435,3530,5864,571
8267,4542,7570,697
15620,8577,14236,1384
2774,1517,2537,237
10219,5561,9291,928
6614,3599,6009,605
2128,1202,1965,163
4895,2655,4446,449
9566,5263,8713,853
7116,3899,6473,643
2549,1391,2319,230
2730,1506,2499,231
16613,9193,15202,1411
5372,2957,4911,461
2617,1442,2380,237
4559,2530,4170,389
4221,2344,3866,355
4525,2497,4132,393
5455,2998,4977,478
3380,1892,3109,271
15720,8585,14325,1395
4832,2687,4411,421
11545,6357,10560,985
2748,1531,2522,226
6177,3288,5534,643
2000,1081,1808,192
4507,2484,4118,389
2314,1264,2106,208
4798,2666,4386,412
3979,2192,3625,354
6015,3326,5509,506
4672,2544,4247,425
3790,2079,3454,336
6467,3506,5871,596
3971,2215,3641,330
8511,4684,7770,741
2325,1281,2122,203
11682,6465,10667,1015
1549,838,1418,131
4163,2284,3786,377
4887,2755,4500,387
8323,4613,7624,699
6711,3681,6124,587
3754,2065,3421,333
2532,1419,2323,209
9807,5437,8974,833
15346,8388,13974,1372
4217,2346,3862,355
5934,3244,5390,544
5981,3333,5486,495
9685,5289,8846,839
5573,3119,5120,453
11968,6482,10923,1045
10765,5864,9783,982
7374,4045,6707,667
5123,2851,4694,429
3496,1923,3190,306
14628,8032,13323,1305
2149,1215,1984,165
2677,1495,2458,219
79350,43482,72297,7053
8079,4400,7347,732
8967,4941,8196,771
4979,2700,4533,446
13646,7509,12525,1121
2276,1258,2085,191
10733,5817,9723,1010
3344,1810,3030,314
6257,3433,5698,559
4531,2464,4115,416
3526,1946,3224,302
5384,2999,4932,452
4838,2639,4408,430
6495,3594,5939,556
22089,12023,20159,1930
1384,771,1270,114
5825,3192,5296,529
3877,2126,3533,344
16724,9205,15321,1403
13251,7186,11997,1254
17755,9612,16132,1623
4103,2280,3742,361
5699,3137,5193,506
4059,2219,3695,364
6731,3676,6122,609
3241,1807,2970,271
6186,3428,5671,515
18147,9882,16503,1644
5427,2973,4941,486
911,482,825,86
7279,4025,6649,630
7857,4282,7141,716
2914,1577,2636,278
2884,1622,2650,234
12411,6730,11243,1168
3544,1938,3222,322
2213,1223,2021,192
4645,2521,4215,430
7440,4135,6803,637
7363,4120,6757,606
2742,1540,2524,218
2163,1222,1996,167
1489,815,1352,137
9296,5063,8477,819
12041,6534,10939,1102
6133,3409,5614,519
8084,4395,7345,739
13862,7546,12626,1236
4590,2531,4191,399
11520,6331,10514,1006
4417,2401,4023,394
5273,2923,4835,438
3815,2106,3479,336
8711,4819,7984,727
7402,4039,6745,657
13733,7521,12543,1190
10982,5998,10006,976
7478,4056,6795,683
5126,2802,4681,445
3018,1685,2773,245
6966,3844,6377,589
4539,2495,4162,377
4688,2586,4281,407
5213,2847,4761,452
4818,2633,4368,450
5349,2996,4909,440
12255,6856,11250,1005
3295,1792,2995,300
7545,4033,6812,733
5474,2955,4998,476
1426,767,1295,131
26319,14289,24019,2300
3817,2133,3501,316
6825,3699,6172,653
2842,1562,2592,250
12023,6569,10934,1089
3145,1715,2848,297
1650,911,1516,134
5836,3156,5287,549
7725,4283,7075,650
4276,2357,3907,369
4942,2746,4526,416
7502,4117,6829,673
40571,22303,37092,3479
4009,2219,3675,334
14461,7871,13055,1406
39726,21682,36168,3558
3733,2009,3384,349
53782,29458,49102,4680
7502,4090,6816,686
39443,21779,36081,3362
6655,3612,6039,616
3367,1842,3066,301
18498,10148,16887,1611
6042,3415,5574,468
16468,9023,15015,1453
3531,1924,3212,319
3681,1999,3332,349
9035,5009,8257,778
14516,7991,13230,1286
9718,5416,8912,806
5453,2996,4964,489
6471,3563,5909,562
3556,1968,3262,294
74330,40695,67638,6692
11828,6454,10720,1108
12117,6725,11112,1005
11012,5968,9973,1039
6061,3339,5531,530
4279,2297,3870,409
4751,2559,4307,444
4897,2607,4411,486
7980,4405,7287,693
4726,2608,4312,414
5103,2827,4672,431
4126,2315,3774,352
5884,3230,5358,526
4738,2624,4326,412
14521,7991,13249,1272
2798,1538,2550,248
4887,2728,4479,408
5860,3230,5350,510
2493,1357,2285,208
3442,1891,3138,304
8523,4655,7761,762
16341,8899,14868,1473
4628,2528,4212,416
6943,3791,6322,621
4626,2571,4228,398
5627,3105,5142,485
1777,999,1637,140
5783,3180,5272,511
128635,70229,117038,11597
11577,6312,10536,1041
2581,1443,2366,215
8329,4539,7593,736
6019,3341,5505,514
7315,3989,6660,655
7050,3872,6438,612
3907,2142,3564,343
2946,1613,2677,269
26497,14438,24110,2387
8168,4513,7449,719
1749,963,1594,155
3029,1636,2730,299
12238,6752,11177,1061
4889,2698,4446,443
5214,2864,4739,475
4149,2260,3770,379
1856,1051,1709,147
4013,2231,3672,341
4674,2574,4266,408
4637,2531,4219,418
3436,1883,3145,291
3786,2021,3427,359
5756,3222,5287,469
4823,2648,4394,429
8162,4519,7473,689
21672,11815,19673,1999
2503,1409,2300,203
8073,4443,7356,717
10324,5606,9383,941
3860,2116,3510,350
8387,4573,7620,767
1871,1033,1714,157
9142,5015,8324,818
3296,1821,3010,286
6781,3709,6155,626
1752,985,1610,142
13309,7326,12159,1150
4558,2502,4164,394
15920,8710,14512,1408
21547,11710,19610,1937
10344,5674,9428,916
2770,1516,2520,250
3292,1793,2988,304
3670,2044,3356,314
18968,10353,17346,1622
3986,2199,3641,345
11214,6129,10221,993
2773,1527,2535,238
5781,3198,5284,497
4100,2261,3738,362
13608,7371,12323,1285
3524,1991,3236,288
3651,2020,3345,306
8831,4820,8025,806
68441,37691,62576,5865
6254,3420,5687,567
3000,1649,2737,263
3013,1671,2760,253
7262,4009,6631,631
1461,811,1338,123
6099,3362,5562,537
5997,3290,5470,527
7469,4104,6828,641
6521,3573,5937,584
4211,2254,3798,413
12302,6646,11169,1133
14508,7942,13233,1275
1348,746,1232,116
6548,3563,5953,595
5509,3109,5074,435
20410,11212,18618,1792
5421,3003,4961,460
3811,2121,3484,327
8307,4596,7600,707
7691,4188,6967,724
5614,3034,5082,532
7156,3888,6497,659
2483,1360,2262,221
5786,3124,5231,555
8692,4817,7979,713
7475,4079,6839,636
13410,7317,12203,1207
4374,2356,3957,417
14318,7905,13061,1257
6488,3533,5902,586
5761,3144,5244,517
1671,925,1533,138
6554,3542,5947,607
6575,3575,5977,598
8779,4787,7976,803
5477,3045,5023,454
7959,4395,7281,678
4826,2617,4380,446
6191,3455,5670,521
8143,4502,7407,736
6754,3703,6162,592
1022,570,938,84
9420,5300,8684,736
9790,5360,8908,882
6590,3638,6012,578
2866,1573,2612,254
2918,1597,2658,260
7756,4272,7084,672
1651,919,1512,139
7327,4018,6693,634
5119,2775,4636,483
1733,937,1578,155
5785,3215,5292,493
5681,3127,5186,495
2210,1219,2020,190
5783,3157,5259,524
7187,3917,6539,648
938,525,859,79
3461,1860,3131,330
3325,1815,3023,302
4312,2310,3882,430
11894,6506,10822,1072
3691,2062,3391,300
7876,4321,7177,699
1861,1015,1685,176
6271,3412,5695,576
5068,2810,4627,441
39600,21625,36227,3373
12638,6886,11456,1182
10691,5820,9741,950
6390,3510,5848,542
10237,5640,9326,911
7442,4021,6768,674
7300,4039,6683,617
5148,2894,4734,414
14212,7848,13054,1158
7044,3914,6446,598
8058,4356,7309,749
5201,2941,4792,409
10454,5716,9569,885
15935,8729,14517,1418
2912,1603,2654,258
6061,3338,5530,531
3882,2148,3540,342
5923,3269,5414,509
4313,2411,3944,369
7994,4332,7238,756
1970,1109,1809,161
10860,5969,9932,928
1243,702,1149,94
6396,3512,5817,579
14008,7683,12809,1199
13897,7688,12712,1185
13432,7343,12225,1207
14029,7705,12840,1189
5522,3028,5029,493
4321,2385,3950,371
22022,12089,20060,1962
9268,5107,8475,793
14725,7902,13379,1346
12813,6993,11681,1132
6488,3580,5918,570
3039,1674,2769,270
6300,3490,5760,540
5165,2853,4713,452
61350,33824,56088,5262
1906,1056,1747,159
13236,7245,12035,1201
28107,15278,25657,2450
9297,5107,8486,811
8400,4600,7644,756
9160,4979,8283,877
1270,711,1167,103
4081,2175,3668,413
9466,5173,8622,844
7157,3931,6519,638
5406,3034,4967,439
9691,5260,8785,906
4329,2323,3907,422
2590,1421,2352,238
3676,2034,3361,315
26159,14240,23745,2414
8928,4947,8178,750
4443,2489,4072,371
15349,8523,14076,1273
4230,2305,3840,390
2422,1357,2227,195
16716,9100,15217,1499
2852,1566,2606,246
8993,4968,8220,773
5569,3039,5073,496
1472,806,1336,136
25961,14407,23835,2126
9657,5281,8776,881
1867,1039,1712,155
6077,3354,5549,528
4724,2597,4310,414
7657,4245,6996,661
2442,1358,2235,207
1541,848,1408,133
3434,1869,3112,322
4354,2399,3968,386
10268,5592,9341,927
2709,1472,2469,240
14621,8002,13284,1337
6049,3354,5537,512
6308,3469,5748,560
3020,1652,2752,268
7248,3926,6574,674
6881,3714,6228,653
26727,14760,24410,2317
7948,4314,7239,709
2280,1256,2080,200
2568,1439,2355,213
5206,2924,4785,421
9720,5213,8769,951
2738,1496,2490,248
4273,2346,3893,380
14289,7880,13038,1251
8892,4891,8122,770
2782,1509,2540,242
11925,6583,10910,1015
5466,2974,4955,511
5348,2931,4888,460
4408,2391,4005,403
4650,2554,4251,399
4536,2494,4141,395
9570,5307,8783,787
1742,956,1592,150
2424,1317,2201,223
5314,2946,4855,459
5624,3146,5165,459
6221,3396,5655,566
10345,5538,9319,1026
7030,3861,6423,607
5729,3145,5214,515
4138,2276,3762,376
5481,3011,4990,491
4403,2433,4014,389
3328,1812,3029,299
9427,5134,8587,840
10787,5900,9803,984
30269,16580,27601,2668
7485,4109,6822,663
6259,3453,5724,535
7373,4133,6785,588
3412,1865,3106,306
12121,6700,11074,1047
22180,11772,20143,2037
4794,2634,4370,424
11514,6297,10500,1014
14273,7764,13017,1256
1994,1104,1824,170
8180,4479,7429,751
2412,1304,2179,233
4896,2700,4460,436
9973,5453,9065,908
6835,3756,6226,609
2067,1124,1882,185
37021,20302,33850,3171
6903,3809,6306,597
3542,1979,3251,291
9002,4869,8123,879
2294,1250,2086,208
3668,2024,3347,321
2787,1503,2518,269
5659,3130,5179,480
1942,1076,1776,166
7319,4026,6686,633
4496,2441,4073,423
2965,1625,2695,270
4036,2218,3676,360
3426,1916,3146,280
7821,4294,7147,674
4635,2549,4225,410
2158,1153,1941,217
1886,1044,1721,165
5679,3167,5207,472
5388,3023,4955,433
3080,1708,2824,256
3718,1997,3365,353
2631,1468,2411,220
7426,4126,6778,648
2598,1416,2357,241
4448,2488,4086,362
8700,4658,7883,817
2619,1441,2384,235
5906,3210,5339,567
16634,9130,15186,1448
9771,5380,8915,856
1829,1042,1694,135
1487,824,1370,117
12796,6880,11586,1210
7217,3918,6545,672
7002,3826,6388,614
4617,2529,4195,422
1939,1117,1803,136
4414,2460,4043,371
39279,21486,35778,3501
4343,2421,3976,367
9011,4924,8185,826
6002,3325,5495,507
4908,2749,4506,402
15794,8470,14265,1529
6478,3550,5919,559
3734,2042,3387,347
5219,2866,4756,463
2458,1330,2226,232
8016,4419,7304,712
5626,3073,5124,502
9146,4999,8337,809
2759,1524,2520,239
26675,14748,24453,2222
4748,2640,4367,381
3844,2111,3502,342
13072,7087,11838,1234
6014,3353,5510,504
3613,1976,3284,329
3407,1895,3120,287
9779,5450,8962,817
7049,3890,6436,613
5644,3143,5170,474
7705,4198,7012,693
2992,1620,2703,289
3552,1957,3251,301
4467,2472,4083,384
4859,2652,4430,429
8829,4848,8044,785
5167,2818,4708,459
8855,4877,8090,765
22526,12272,20594,1932
12586,6892,11457,1129
10850,5916,9842,1008
2629,1417,2393,236
12838,7053,11681,1157
11205,6089,10181,1024
7843,4273,7142,701
1433,796,1313,120
3832,2076,3484,348
5029,2763,4594,435
2221,1224,2027,194
4498,2475,4108,390
5991,3329,5489,502
131275,71628,119425,11850
3557,1897,3197,360
2617,1461,2399,218
7449,4205,6849,600
9272,4967,8344,928
5559,3097,5093,466
8121,4480,7418,703
2057,1125,1870,187
3660,2016,3341,319
6303,3503,5769,534
4151,2342,3821,330
6011,3365,5531,480
5472,2978,4976,496
29596,16278,27097,2499
5197,2893,4756,441
2369,1303,2165,204
9940,5432,9105,835
5547,3039,5046,501
2788,1528,2532,256
5973,3198,5407,566
5839,3215,5318,521
7085,3846,6425,660
5210,2878,4756,454
7165,3897,6500,665
5748,3137,5223,525
4131,2287,3775,356
5537,3009,5037,500
4474,2446,4065,409
3634,2031,3340,294
4645,2534,4226,419
16350,8831,14770,1580
8143,4475,7432,711
7553,4101,6849,704
8822,4835,8025,797
3787,2089,3464,323
1798,995,1647,151
3345,1836,3049,296
4619,2570,4227,392
5066,2812,4647,419
3775,2113,3468,307
928,497,835,93
3143,1756,2878,265
3807,2044,3438,369
2784,1516,2535,249
6209,3400,5651,558
9631,5264,8795,836
5045,2722,4573,472
9258,5098,8460,798
6201,3378,5640,561
3537,1947,3225,312
3777,2060,3438,339
3868,2110,3513,355
3144,1731,2863,281
12082,6551,10959,1123
8461,4586,7699,762
7553,4210,6934,619
4199,2342,3832,367
699,388,638,61
1793,1010,1653,140
2055,1118,1875,180
10320,5577,9335,985
4081,2263,3739,342
15941,8741,14533,1408
2902,1617,2657,245
3305,1843,3031,274
13339,7247,12183,1156
12389,6785,11266,1123
2385,1318,2183,202
12605,6862,11450,1155
4272,2333,3890,382
11705,6449,10739,966
2971,1686,2735,236
3089,1731,2836,253
9464,5335,8731,733
3438,1918,3150,288
7374,4031,6703,671
11260,6116,10237,1023
9215,5035,8386,829
4236,2375,3885,351
6924,3768,6278,646
2893,1571,2630,263
2167,1190,1981,186
7671,4223,6996,675
3269,1803,2986,283
1162,631,1048,114
8681,4746,7896,785
4003,2207,3666,337
5862,3282,5384,478
2759,1494,2502,257
7471,4077,6800,671
7241,3999,6604,637
3833,2119,3499,334
4005,2155,3640,365
2291,1270,2093,198
2560,1404,2335,225
4936,2763,4532,404
11363,6085,10261,1102
32917,18157,30065,2852
3749,2098,3442,307
4555,2501,4158,397
7278,3979,6617,661
4740,2604,4323,417
7195,3948,6566,629
5663,3129,5168,495
5201,2881,4746,455
10045,5509,9161,884
1061,576,959,102
10525,5776,9586,939
4080,2245,3721,359
4026,2248,3684,342
8282,4525,7532,750
16903,9350,15464,1439
6125,3392,5600,525
3983,2204,3637,346
12598,6823,11408,1190
4114,2223,3721,393
15091,8292,13780,1311
2138,1174,1944,194
9017,4897,8183,834
2554,1421,2336,218
8643,4631,7805,838
7161,3936,6526,635
4797,2648,4378,419
14135,7757,12945,1190
7284,3971,6652,632
4492,2473,4091,401
4461,2486,4090,371
5134,2820,4682,452
9861,5402,8990,871
1820,1021,1677,143
5236,2892,4780,456
2431,1345,2218,213
12173,6710,11096,1077
6942,3850,6349,593
7110,3880,6474,636
5601,3036,5082,519
7412,4072,6769,643
6163,3408,5640,523
3704,2001,3372,332
10525,5776,9603,922
3598,2017,3309,289
5778,3217,5293,485
2429,1326,2220,209
14229,7613,12857,1372
2581,1396,2337,244
4035,2207,3669,366
15046,8260,13694,1352
2608,1435,2371,237
2401,1304,2176,225
3684,2058,3378,306
15846,8632,14423,1423
2088,1168,1918,170
14161,7778,12926,1235
7908,4274,7155,753
2441,1343,2223,218
3340,1834,3039,301
4463,2405,4069,394
4647,2579,4257,390
2400,1314,2187,213
3359,1856,3070,289
5538,3067,5062,476
23249,12704,21189,2060
5404,2935,4906,498
7610,4159,6925,685
3740,2082,3426,314
1615,890,1477,138
14007,7592,12732,1275
4083,2243,3721,362
3072,1693,2805,267
12519,6873,11508,1011
12574,6902,11476,1098
4038,2255,3704,334
6312,3461,5743,569
4200,2315,3835,365
12196,6632,11124,1072
10103,5616,9244,859
2917,1575,2642,275
4557,2543,4176,381
5487,2998,4978,509
2652,1491,2447,205
61391,33842,56124,5267
5865,3245,5350,515
6926,3753,6282,644
3820,2075,3464,356
2150,1198,1972,178
2788,1552,2549,239
3706,2051,3395,311
3981,2207,3638,343
8058,4508,7408,650
9618,5234,8719,899
1959,1089,1799,160
4278,2397,3929,349
5901,3226,5379,522
10175,5586,9292,883
5377,3016,4939,438
2427,1348,2221,206
13000,7166,11906,1094
9166,5046,8375,791
18588,10166,16929,1659
3017,1670,2756,261
8871,4828,8047,824
6463,3572,5916,547
3770,2049,3415,355
4343,2368,3948,395
17236,9367,15615,1621
4100,2239,3724,376
6564,3606,6005,559
4739,2624,4343,396
4743,2557,4301,442
4852,2673,4423,429
4483,2483,4091,392
17966,9866,16485,1481
7095,3854,6458,637
5699,3133,5195,504
10064,5539,9195,869
6725,3687,6106,619
3294,1822,3009,285
12927,7093,11791,1136
39429,21815,36062,3367
7027,3879,6428,599
10206,5565,9270,936
18970,10355,17285,1685
7801,4373,7181,620
9860,5333,8933,927
9109,5016,8324,785
5981,3306,5467,514
3085,1708,2822,263
7094,3897,6465,629
1109,613,1008,101
4141,2293,3791,350
2605,1422,2366,239
4069,2274,3731,338
5358,2934,4900,458
7258,3943,6582,676
2188,1176,2002,186
6588,3625,5999,589
19254,10565,17533,1721
2163,1221,1995,168
6596,3645,6024,572
1265,708,1163,102
13472,7415,12299,1173
12736,6971,11636,1100
2163,1166,1970,193
14993,8241,13688,1305
4516,2508,4135,381
10673,5845,9731,942
3532,1907,3184,348
3776,2059,3430,346
585,332,536,49
21174,11613,19323,1851
7075,3864,6458,617
12468,6816,11357,1111
9863,5327,8920,943
3782,2070,3444,338
6605,3661,6047,558
3930,2137,3570,360
3569,1960,3248,321
6911,3818,6302,609
1736,938,1577,159
5487,3065,5035,452
5915,3192,5360,555
2426,1353,2225,201
2430,1317,2203,227
7331,4090,6728,603
13438,7302,12150,1288
1183,682,1101,82
16701,8982,15166,1535
5093,2818,4660,433
19972,10981,18218,1754
14686,7991,13339,1347
2633,1438,2395,238
5084,2812,4642,442
10705,5857,9751,954
3347,1837,3044,303
5509,3044,5035,474
3555,1930,3227,328
6732,3677,6120,612
8666,4796,7945,721
4571,2503,4154,417
7951,4369,7247,704
2949,1641,2701,248
4375,2373,3967,408
3657,1982,3322,335
8231,4548,7529,702
7461,4124,6822,639
6287,3396,5692,595
5412,2929,4899,513
4956,2750,4542,414
4863,2671,4421,442
6251,3448,5698,553
11035,6088,10082,953
7604,4166,6927,677
6188,3339,5570,618
3380,1859,3083,297
4195,2332,3843,352
26526,14452,24130,2396
5017,2681,4545,472
2960,1650,2711,249
13067,7156,11928,1139
2381,1304,2171,210
6133,3372,5588,545
11171,6116,10174,997
2527,1372,2295,232
3738,2028,3384,354
2608,1470,2413,195
7191,3990,6612,579
6108,3307,5543,565
4839,2641,4394,445
1427,790,1306,121
722,393,666,56
3633,1986,3298,335
10640,5853,9696,944
6741,3630,6109,632
6064,3363,5545,519
10319,5622,9386,933
6633,3687,6090,543
2658,1461,2414,244
4437,2453,4064,373
2929,1613,2666,263
2853,1592,2618,235
6881,3714,6264,617
4642,2581,4250,392
7714,4167,6973,741
3930,2140,3568,362
2641,1452,2397,244
1029,553,941,88
4690,2590,4273,417
7037,3852,6404,633
2298,1285,2108,190
6277,3423,5713,564
12222,6789,11260,962
8998,4867,8150,848
16936,9263,15439,1497
5181,2817,4701,480
5070,2727,4604,466
6006,3245,5437,569
5145,2774,4656,489
4285,2371,3913,372
15287,8372,13912,1375
9993,5444,9078,915
4964,2706,4493,471
7406,4069,6754,652
7239,3965,6590,649
16750,9204,15270,1480
5434,2996,4958,476
2640,1448,2402,238
6375,3518,5824,551
6264,3476,5739,525
6602,3702,6069,533
3302,1856,3037,265
4758,2631,4358,400
6655,3701,6096,559
14368,7872,13137,1231
11032,6061,10088,944
10481,5682,9520,961
5291,2922,4834,457
8421,4547,7661,760
3616,1915,3280,336
4408,2445,4032,376
3841,2105,3488,353
5832,3231,5332,500
5070,2816,4644,426
12868,7129,11776,1092
27705,15386,25368,2337
3432,1894,3135,297
15601,8488,14143,1458
2371,1313,2167,204
2881,1575,2620,261
9443,5179,8601,842
17219,9461,15691,1528
6072,3372,5560,512
26706,14297,24148,2558
2931,1620,2678,253
4220,2298,3831,389
5512,3041,5038,474
4880,2666,4433,447
6345,3464,5762,583
1094,614,1010,84
4291,2386,3927,364
6193,3381,5623,570
41804,22883,38072,3732
2991,1640,2716,275
1968,1097,1808,160
5609,3165,5154,455
12058,6574,10999,1059
7235,3981,6609,626
5576,3071,5089,487
4878,2694,4439,439
5386,3034,4956,430
5770,3167,5264,506
6038,3320,5500,538
2387,1332,2192,195
3557,1973,3252,305
2876,1608,2637,239
81856,45196,74772,7084
7546,4124,6867,679
10073,5564,9205,868
6636,3669,6076,560
9700,5295,8829,871
5443,2972,4943,500
5054,2787,4612,442
7079,3921,6474,605
5147,2872,4720,427
11880,6478,10854,1026
7699,4190,6998,701
3986,2206,3648,338
2701,1418,2415,286
12998,7198,11919,1079
2098,1176,1924,174
6345,3470,5761,584
8969,4883,8179,790
17901,9780,16276,1625
11647,6410,10644,1003
2145,1176,1950,195
7986,4335,7215,771
6690,3707,6110,580
6584,3624,6001,583
8062,4380,7323,739
14717,8006,13346,1371
5270,2904,4809,461
6637,3636,6047,590
6073,3361,5554,519
17728,9815,16242,1486
4174,2271,3784,390
3936,2206,3614,322
2841,1586,2606,235
11727,6355,10673,1054
7696,4203,7029,667
2160,1180,1975,185
8260,4506,7492,768
12288,6794,11223,1065
4500,2475,4113,387
11168,6170,10215,953
6529,3569,5926,603
5342,2993,4899,443
6067,3394,5571,496
7921,4364,7247,674
1562,879,1435,127
16059,8849,14653,1406
3308,1799,2997,311
3479,1907,3173,306
7564,4074,6856,708
61449,33857,56163,5286
5373,2951,4892,481
4912,2727,4494,418
7774,4308,7105,669
1690,915,1532,158
7119,3898,6495,624
6233,3459,5694,539
5100,2804,4645,455
7401,4074,6761,640
3601,2017,3306,295
10582,5840,9656,926
31112,16967,28253,2859
9427,5101,8599,828
14747,8041,13454,1293
2596,1439,2379,217
6996,3878,6397,599
6288,3446,5732,556
5352,3026,4910,442
5451,3016,4987,464
11570,6312,10526,1044
7693,4198,7019,674
1219,660,1110,109
13662,7526,12502,1160
1499,849,1384,115
9483,5170,8648,835
5999,3370,5522,477
6676,3626,6066,610
2669,1468,2430,239
4028,2225,3681,347
11066,6048,10104,962
3833,2141,3525,308
1086,613,996,90
10910,5954,9927,983
5044,2791,4610,434
1727,961,1580,147
5787,3163,5262,525
4444,2441,4052,392
6898,3818,6325,573
2183,1234,2013,170
13137,7123,11884,1253
5041,2735,4558,483
2617,1434,2384,233
11977,6491,10858,1119
3126,1720,2847,279
7995,4417,7306,689
9071,4969,8249,822
2515,1413,2315,200
7353,4030,6688,665
4169,2313,3815,354
5419,2965,4932,487
3135,1708,2853,282
6460,3527,5864,596
5940,3310,5438,502
4009,2207,3658,351
5612,3084,5107,505
3739,2075,3424,315
9979,5484,9108,871
11745,6455,10713,1032
11342,6285,10402,940
2327,1253,2110,217
4023,2220,3675,348
5329,3007,4920,409
9134,5072,8356,778
4395,2415,4010,385
6457,3564,5902,555
3626,2021,3324,302
10179,5597,9266,913
6829,3709,6198,631
2955,1622,2695,260
17361,9620,15885,1476
10184,5582,9281,903
2110,1157,1925,185
15762,8468,14343,1419
12483,6776,11294,1189
8273,4557,7531,742
2163,1191,1981,182
4572,2542,4183,389
4486,2454,4083,403
5063,2768,4617,446
11476,6172,10438,1038
15632,8551,14251,1381
3989,2192,3643,346
4296,2355,3903,393
2790,1533,2554,236
4619,2549,4217,402
2901,1610,2657,244
4509,2487,4118,391
2740,1495,2482,258
2009,1147,1857,152
4821,2676,4415,406
5397,2985,4931,466
14559,7902,13210,1349
5364,2985,4914,450
5770,3184,5267,503
9733,5365,8894,839
4514,2472,4112,402
3055,1666,2778,277
4279,2369,3915,364
4794,2698,4414,380
2500,1372,2269,231
2459,1332,2228,231
11095,6095,10129,966
12022,6548,10932,1090
17699,9806,16167,1532
11509,6278,10470,1039
7802,4280,7098,704
19345,10571,17603,1742
1255,703,1153,102
8194,4562,7504,690
3377,1829,3085,292
1257,666,1135,122
6661,3685,6083,578
8841,4835,8052,789
3684,2047,3376,308
1551,853,1416,135
1758,978,1610,148
5023,2781,4591,432
3713,2035,3377,336
7628,4172,6943,685
3065,1673,2787,278
1968,1065,1797,171
12382,6792,11261,1121
9114,4993,8326,788
39503,21545,35950,3553
54452,29988,49820,4632
2188,1216,1996,192
10437,5746,9538,899
2572,1419,2351,221
27581,15031,25103,2478
12762,7062,11722,1040
1830,1012,1675,155
1161,673,1081,80
6966,3849,6374,592
4176,2323,3810,366
5966,3274,5438,528
8005,4498,7366,639
14236,7689,12944,1292
6528,3566,5963,565
17219,9494,15718,1501
6066,3307,5516,550
8324,4508,7543,781
8958,4895,8169,789
11823,6458,10750,1073
7990,4421,7306,684
5729,3129,5221,508
6180,3405,5633,547
6472,3502,5871,601
3195,1755,2935,260
7769,4374,7120,649
10124,5595,9241,883
8819,4848,8053,766
7824,4248,7134,690
2361,1292,2152,209
2809,1560,2570,239
2597,1416,2359,238
12744,7023,11628,1116
4383,2404,3987,396
1549,840,1404,145
8517,4654,7752,765
8338,4631,7605,733
9464,5139,8614,850
2992,1667,2744,248
2519,1382,2289,230
1792,963,1627,165
3891,2148,3559,332
5698,3144,5196,502
7776,4221,7055,721
8287,4557,7549,738
44262,24392,40441,3821
2302,1263,2096,206
2002,1087,1821,181
6062,3297,5499,563
5267,2906,4806,461
2850,1561,2595,255
9298,5066,8451,847
3244,1784,2956,288
25996,14278,23735,2261
7147,3843,6438,709
8835,4795,8051,784
7229,3953,6573,656
2272,1287,2101,171
7382,4071,6751,631
3959,2179,3612,347
13230,7286,12086,1144
6920,3801,6314,606
2494,1395,2291,203
13597,7392,12299,1298
32339,17865,29612,2727
6836,3751,6228,608
6988,3852,6365,623
25498,14038,23347,2151
5840,3194,5311,529
6730,3677,6113,617
17527,9519,15965,1562
3753,2107,3451,302
4498,2498,4125,373
8900,4921,8141,759
6521,3617,5955,566
2930,1614,2674,256
3991,2131,3599,392
5578,3065,5089,489
4249,2292,3851,398
10986,5890,9989,997
6015,3357,5520,495
10169,5577,9269,900
2201,1227,2020,181
16281,8948,14835,1446
3292,1806,3000,292
6450,3536,5885,565
10974,6030,9994,980
12835,6957,11719,1116
8671,4769,7900,771
2607,1433,2372,235
4903,2682,4463,440
11665,6522,10741,924
1801,995,1646,155
61456,33857,56147,5309
4756,2624,4349,407
2415,1310,2194,221
5308,2944,4855,453
2605,1434,2371,234
2832,1549,2583,249
11326,6218,10307,1019
1994,1130,1842,152
4793,2639,4362,431
7399,4072,6749,650
2766,1511,2516,250
6964,3869,6383,581
7721,4191,7018,703
5653,3066,5132,521
6632,3665,6058,574
10074,5574,9239,835
6717,3678,6111,606
8137,4436,7398,739
13436,7363,12303,1133
9211,5049,8419,792
27233,14956,24844,2389
2671,1455,2426,245
2614,1453,2395,219
7210,3901,6540,670
11172,6176,10225,947
45150,24065,41064,4086
1876,997,1701,175
7880,4312,7164,716
3910,2150,3556,354
1754,968,1602,152
6510,3533,5898,612
6458,3488,5865,593
11535,6379,10572,963
9667,5270,8788,879
2891,1575,2622,269
3330,1813,3032,298
2658,1430,2419,239
13885,7682,12701,1184
2706,1516,2485,221
8511,4625,7714,797
5932,3265,5420,512
15817,8565,14361,1456
2926,1630,2680,246
1264,696,1158,106
20690,11342,18909,1781
2044,1111,1860,184
2402,1325,2195,207
4511,2460,4098,413
27503,15135,25079,2424
4573,2502,4152,421
3883,2140,3537,346
6004,3325,5492,512
9157,4909,8260,897
3855,2096,3492,363
11670,6410,10661,1009
12213,6755,11177,1036
3950,2129,3569,381
2667,1471,2431,236
3522,1949,3221,301
8584,4715,7821,763
1721,942,1569,152
1429,784,1310,119
12794,6975,11617,1177
14254,7902,13050,1204
3153,1748,2884,269
6141,3357,5582,559
14204,8001,13061,1143
2637,1447,2404,233
7839,4311,7160,679
6351,3476,5778,573
6866,3774,6262,604
3520,1973,3232,288
3107,1697,2822,285
5413,2917,4879,534
12707,6884,11538,1169
18850,10366,17208,1642
5010,2697,4549,461
3635,1998,3310,325
8740,4779,8002,738
3872,2104,3503,369
7115,3931,6489,626
6766,3716,6165,601
6391,3530,5859,532
12351,6702,11205,1146
8295,4551,7559,736
26597,14263,24063,2534
4864,2675,4443,421
10454,5654,9532,922
7600,4168,6938,662
16394,9054,14999,1395
18577,10113,16879,1698
4265,2382,3902,363
2665,1465,2434,231
6279,3446,5721,558
6150,3375,5600,550
1569,887,1449,120
2442,1364,2251,191
4820,2663,4400,420
6026,3359,5530,496
5279,2901,4804,475
13476,7402,12287,1189
4857,2684,4430,427
13525,7347,12259,1266
3112,1729,2839,273
2484,1360,2265,219
12657,7031,11560,1097
4837,2624,4410,427
1809,983,1645,164
3682,2002,3353,329
2649,1476,2423,226
1929,1068,1758,171
3620,2017,3312,308
2212,1210,2020,192
5857,3220,5342,515
3416,1855,3096,320
3551,1944,3235,316
4859,2675,4430,429
2661,1438,2419,242
7657,4256,7003,654
6076,3311,5545,531
4090,2200,3713,377
3668,1961,3298,370
16829,9083,15271,1558
4590,2522,4180,410
3706,2019,3374,332
8307,4608,7609,698
1240,693,1138,102
5860,3268,5371,489
5566,3080,5095,471
8951,4985,8194,757
8846,4815,8041,805
6437,3588,5903,534
11306,6182,10305,1001
3326,1815,3028,298
6127,3328,5564,563
2523,1381,2309,214
2778,1492,2511,267
1012,557,931,81
10352,5657,9423,929
8385,4568,7606,779
28638,15648,26125,2513
9665,5288,8792,873
9856,5352,8935,921
3264,1821,2994,270
15850,8725,14463,1387
3661,1942,3294,367
3527,1959,3223,304
11509,6250,10453,1056
2523,1384,2299,224
7940,4298,7184,756
20897,11388,19042,1855
8683,4675,7886,797
15826,8771,14499,1327
8535,4649,7754,781
20083,11180,18451,1632
19251,10531,17577,1674
3530,1937,3219,311
49365,26764,44686,4679
2409,1322,2193,216
14213,7717,12934,1279
8427,4631,7680,747
6372,3496,5815,557
5808,3209,5302,506
2687,1466,2445,242
5921,3299,5431,490
8551,4705,7802,749
7133,3942,6523,610
64504,35477,59140,5364
4804,2629,4372,432
6273,3546,5769,504
4458,2452,4053,405
6625,3618,6020,605
12396,6874,11344,1052
3019,1647,2736,283
4990,2757,4554,436
1759,978,1614,145
2371,1330,2180,191
5592,3080,5114,478
12781,7029,11660,1121
26285,14449,23977,2308
5008,2779,4574,434
4598,2560,4214,384
3462,1922,3172,290
4373,2426,4004,369
16748,9124,15211,1537
6664,3677,6082,582
7728,4214,7018,710
8877,4904,8124,753
7935,4344,7242,693
6184,3405,5643,541
7318,4073,6697,621
10252,5662,9363,889
15167,8330,13871,1296
15317,8424,14013,1304
11905,6545,10874,1031
4376,2429,3984,392
9220,5057,8401,819
10089,5561,9209,880
59177,32510,53948,5229
9982,5527,9118,864
41637,22806,37935,3702
9556,5243,8698,858
4504,2506,4116,388
5353,2906,4856,497
4570,2467,4131,439
8482,4691,7755,727
6595,3574,5999,596
3905,2158,3571,334
9169,5040,8378,791
6358,3463,5778,580
9137,4984,8312,825
9100,4977,8274,826
11587,6223,10457,1130
2641,1452,2408,233
6729,3758,6166,563
5813,3141,5263,550
4265,2366,3894,371
11074,6029,10051,1023
3001,1649,2726,275
32561,17791,29686,2875
2927,1656,2705,222
3672,2009,3349,323
5759,3142,5242,517
11446,6338,10470,976
5717,3109,5198,519
5363,2920,4883,480
3697,2051,3377,320
7094,3901,6470,624
8096,4512,7411,685
5309,2920,4832,477
12902,7184,11790,1112
3102,1715,2835,267
7651,4185,6969,682
4204,2283,3822,382
1789,1001,1644,145
8638,4698,7855,783
15030,8110,13635,1395
2813,1546,2573,240
4853,2636,4402,451
4980,2808,4592,388
6353,3538,5816,537
3271,1782,2973,298
7702,4316,7086,616
3144,1726,2871,273
15235,8365,13933,1302
4616,2499,4187,429
4676,2568,4268,408
5205,2885,4763,442
3822,2110,3493,329
5105,2837,4675,430
4377,2363,3971,406
29914,16457,27283,2631
3997,2189,3636,361
2936,1609,2676,260
9376,5110,8521,855
1225,686,1126,99
5226,2858,4759,467
7946,4361,7236,710
22296,12262,20380,1916
6788,3731,6186,602
13710,7469,12453,1257
2546,1406,2327,219
6466,3548,5895,571
3619,1939,3264,355
12861,7091,11750,1111
3852,2129,3518,334
5221,2846,4743,478
4014,2175,3636,378
7142,3941,6509,633
10356,5668,9431,925
5898,3271,5398,500
5352,2923,4841,511
4300,2372,3926,374
2428,1364,2235,193
13142,7151,11920,1222
4662,2559,4250,412
7428,4112,6794,634
41366,22517,37596,3770
10322,5626,9390,932
3165,1775,2908,257
22701,12438,20664,2037
3194,1729,2896,298
8662,4737,7900,762
8257,4450,7452,805
6326,3492,5786,540
9255,5131,8463,792
1672,917,1529,143
9670,5318,8816,854
29142,15795,26507,2635
785,433,712,73
9230,5086,8427,803
2635,1437,2387,248
5671,3155,5197,474
8207,4491,7492,715
4777,2643,4369,408
2511,1416,2313,198
74028,40506,67306,6722
2572,1425,2351,221
3377,1822,3055,322
5840,3194,5313,527
14155,7844,12970,1185
7826,4290,7135,691
8062,4487,7380,682
5140,2832,4690,450
4247,2306,3859,388
7364,4041,6718,646
4092,2252,3729,363
2853,1572,2601,252
11324,6134,10256,1068
3298,1830,3016,282
9523,5255,8710,813
4446,2419,4039,407
1717,928,1556,161
4301,2363,3917,384
37997,20702,34549,3448
5323,2931,4856,467
3905,2136,3561,344
5802,3205,5298,504
9045,4955,8242,803
6956,3777,6334,622
2200,1196,1995,205
15937,8675,14525,1412
5584,3081,5095,489
3932,2137,3566,366
4470,2447,4055,415
6211,3436,5682,529
1858,1050,1708,150
2342,1319,2158,184
9796,5325,8925,871
3476,1881,3150,326
9499,5184,8623,876
10942,6038,10007,935
45980,24876,41821,4159
7912,4271,7208,704
5113,2812,4663,450
1534,836,1391,143
3462,1928,3166,296
16555,9070,15094,1461
4453,2474,4076,377
4723,2622,4323,400
9252,5123,8467,785
9199,4909,8263,936
5460,3038,5001,459
6693,3676,6107,586
4493,2467,4090,403
5083,2802,4646,437
9060,4922,8231,829
14845,8013,13433,1412
18299,10181,16732,1567
11883,6530,10824,1059
4486,2488,4099,387
22821,12472,20864,1957
5347,2958,4893,454
10572,5779,9617,955
5938,3235,5384,554
3798,2079,3463,335
5370,2910,4859,511
2544,1405,2323,221
6668,3639,6055,613
6054,3361,5544,510
2414,1326,2200,214
9570,5306,8765,805
6067,3367,5547,520
2345,1266,2121,224
3905,2126,3538,367
8756,4805,8027,729
3914,2131,3552,362
5660,3109,5153,507
6675,3633,6078,597
5638,3143,5165,473
2602,1429,2372,230
2745,1486,2494,251
10930,6015,9982,948
8103,4445,7373,730
5967,3263,5430,537
8351,4649,7656,695
2302,1246,2097,205
5884,3301,5402,482
2556,1400,2321,235
6343,3414,5796,547
6870,3823,6292,578
5427,2970,4941,486
9310,5116,8502,808
12425,6737,11243,1182
10376,5648,9431,945
9167,5010,8344,823
1035,561,946,89
9735,5349,8867,868
3047,1661,2756,291
7275,3991,6620,655
9071,4900,8193,878
4254,2313,3865,389
3968,2178,3618,350
5576,3103,5108,468
23534,12843,21387,2147
6392,3539,5838,554
5177,2840,4725,452
2703,1510,2481,222
3518,1953,3220,298
1185,659,1084,101
3257,1767,2953,304
6599,3648,6026,573
2670,1470,2436,234
2706,1481,2463,243
8726,4778,7934,792
4602,2495,4177,425
1829,1008,1662,167
7291,3959,6615,676
4843,2659,4423,420
11334,6175,10341,993
7627,4105,6915,712
2315,1260,2101,214
4079,2229,3709,370
4927,2720,4500,427
39437,21575,35927,3510
3682,2049,3364,318
16565,9110,15104,1461
3248,1793,2968,280
4986,2725,4538,448
3975,2177,3620,355
5991,3321,5479,512
5121,2876,4708,413
1550,850,1411,139
2664,1488,2444,220
7540,4126,6860,680
6365,3511,5798,567
7561,4206,6927,634
4236,2372,3895,341
9236,5080,8415,821
7598,4223,6954,644
19111,10510,17434,1677
5885,3129,5279,606
4935,2718,4510,425
2397,1308,2178,219
13310,7395,12172,1138
8583,4684,7833,750
4333,2417,3983,350
2559,1409,2338,221
4702,2607,4305,397
10964,5968,9974,990
3208,1786,2943,265
9870,5466,9020,850
15819,8592,14377,1442
7785,4244,7109,676
12597,6855,11449,1148
2882,1606,2639,243
25621,14045,23411,2210
7217,3956,6570,647
14450,7834,13150,1300
2826,1586,2600,226
6262,3444,5727,535
6541,3676,6012,529
2751,1521,2514,237
2923,1603,2669,254
3105,1707,2829,276
5811,3249,5334,477
5386,2874,4845,541
10992,6055,10019,973
2841,1551,2584,257
5564,3051,5071,493
4015,2199,3669,346
16251,8914,14818,1433
2459,1372,2255,204
6146,3420,5638,508
5792,3188,5285,507
2585,1433,2366,219
2784,1514,2531,253
7952,4395,7276,676
2353,1264,2138,215
5551,3069,5091,460
2269,1227,2076,193
13935,7657,12718,1217
10254,5758,9441,813
6659,3710,6091,568
13346,7318,12169,1177
4743,2606,4332,411
2542,1406,2329,213
7938,4398,7257,681
5719,3162,5238,481
4065,2260,3717,348
6085,3371,5557,528
3337,1850,3061,276
6190,3373,5653,537
2432,1354,2228,204
9494,5209,8701,793
4746,2640,4345,401
3795,2100,3468,327
706,387,642,64
4633,2549,4219,414
2541,1398,2322,219
4252,2375,3895,357
11934,6502,10846,1088
8940,4982,8195,745
14506,8095,13308,1198
11976,6572,10953,1023
2917,1582,2647,270
5990,3236,5421,569
12414,6871,11345,1069
8628,4737,7859,769
2585,1421,2363,222
5326,2930,4854,472
4884,2675,4439,445
2933,1630,2686,247
8047,4367,7296,751
16113,8806,14637,1476
3957,2189,3603,354
7853,4390,7206,647
4969,2750,4538,431
5097,2801,4645,452
11003,6008,10105,898
6994,3875,6400,594
6951,3775,6329,622
15350,8346,13993,1357
5468,2988,4968,500
2648,1452,2412,236
8659,4815,7924,735
10065,5583,9226,839
19183,10507,17464,1719
5326,2989,4893,433
4276,2328,3892,384
16919,9058,15264,1655
9009,4897,8170,839
5105,2837,4680,425
8480,4607,7696,784
6692,3695,6113,579
6964,3797,6321,643
8397,4615,7643,754
3851,2083,3496,355
3870,2118,3528,342
1089,587,991,98
3611,1950,3265,346
4336,2387,3962,374
5821,3168,5318,503
4087,2232,3718,369
14749,8157,13499,1250
4355,2420,3986,369
12225,6695,11099,1126
10273,5673,9341,932
16158,8802,14691,1467
3151,1718,2880,271
3729,2026,3375,354
2818,1583,2591,227
3460,1910,3163,297
6679,3699,6100,579
6043,3290,5507,536
7444,4114,6784,660
4757,2623,4337,420
21029,11563,19253,1776
5877,3241,5364,513
2590,1404,2353,237
6324,3480,5767,557
4302,2371,3951,351
9268,5033,8398,870
6141,3411,5626,515
9800,5364,8977,823
9464,5193,8611,853
5324,2993,4913,411
3283,1816,3001,282
7018,3814,6363,655
9513,5135,8606,907
9808,5387,8940,868
4830,2726,4456,374
4899,2712,4467,432
7419,4117,6788,631
4988,2690,4513,475
6789,3700,6174,615
6600,3673,6043,557
6696,3707,6121,575
3831,2121,3498,333
1252,703,1152,100
2456,1344,2231,225
6121,3334,5568,553
11722,6416,10676,1046
2929,1608,2674,255
2287,1275,2098,189
8330,4546,7553,777
9838,5430,8987,851
7135,3943,6514,621
13836,7563,12573,1263
5876,3270,5377,499
2851,1562,2593,258
6914,3814,6313,601
8782,4771,7968,814
4238,2320,3858,380
5887,3231,5363,524
3448,1891,3143,305
3499,1878,3160,339
7274,3958,6582,692
7080,3889,6453,627
9798,5420,8975,823
7747,4217,7047,700
1793,996,1634,159
4876,2714,4476,400
60357,33315,55095,5262
2669,1496,2453,216
9213,5062,8392,821
22564,12495,20697,1867
4169,2318,3811,358
4384,2372,3993,391
5759,3158,5252,507
3850,2093,3508,342
3074,1707,2821,253
2033,1134,1862,171
4441,2388,4024,417
21535,11762,19679,1856
6374,3460,5771,603
5720,3116,5188,532
8601,4744,7836,765
5681,3145,5196,485
7798,4210,7068,730
13275,7271,12107,1168
7472,4164,6833,639
1743,921,1565,178
13074,7132,11900,1174
4865,2666,4430,435
4052,2235,3699,353
5851,3186,5313,538
6874,3779,6277,597
15920,8768,14521,1399
2925,1582,2674,251
4359,2401,3982,377
5383,2955,4904,479
2785,1530,2537,248
5564,3048,5071,493
4677,2552,4253,424
4993,2754,4544,449
7360,4033,6721,639
2726,1501,2492,234
5802,3214,5305,497
5826,3202,5308,518
3993,2247,3675,318
6254,3433,5686,568
5151,2789,4702,449
5787,3162,5299,488
12635,6953,11550,1085
6453,3542,5880,573
1622,873,1473,149
5889,3211,5354,535
4377,2400,3979,398
2425,1338,2213,212
3397,1872,3109,288
5511,3034,5027,484
5447,3028,4995,452
11091,6182,10173,918
24134,13108,22008,2126
10241,5644,9345,896
19052,10555,17429,1623
3385,1818,3055,330
5150,2870,4709,441
11794,6476,10809,985
5830,3224,5343,487
7878,4300,7161,717
4477,2440,4088,389
6721,3723,6156,565
5023,2780,4591,432
1730,954,1583,147
5643,3069,5125,518
4253,2385,3905,348
1981,1084,1805,176
27037,14818,24668,2369
3672,2047,3366,306
7487,4100,6821,666
3424,1897,3125,299
31529,17194,28728,2801
3076,1669,2786,290
2958,1637,2708,250
3901,2162,3569,332
7087,3867,6474,613
5824,3245,5331,493
5941,3283,5422,519
15730,8713,14411,1319
8163,4502,7462,701
12648,6912,11499,1149
881,477,795,86
6053,3323,5509,544
3269,1825,2997,272
1997,1122,1841,156
5914,3251,5397,517
3142,1717,2862,280
12175,6708,11118,1057
3717,2041,3380,337
9055,4928,8236,819
2699,1463,2458,241
6550,3550,5946,604
15970,8847,14639,1331
5531,2984,5005,526
3327,1816,3017,310
5583,3046,5087,496
12252,6670,11159,1093
9754,5379,8908,846
7614,4248,6995,619
12068,6648,11008,1060
5964,3289,5437,527
14040,7738,12803,1237
1939,1062,1765,174
9002,4958,8202,800
4112,2291,3768,344
3379,1872,3084,295
5727,3110,5230,497
66346,35098,59798,6548
61399,33839,56124,5275
26766,14804,24477,2289
3934,2180,3592,342
3299,1829,3016,283
8735,4751,7928,807
2913,1595,2650,263
5637,3138,5177,460
2726,1517,2494,232
5868,3221,5358,510
8978,4930,8196,782
3144,1698,2843,301
4589,2516,4180,409
3943,2190,3607,336
1744,977,1600,144
11718,6483,10701,1017
10461,5729,9516,945
6729,3689,6131,598
8902,4834,8078,824
11030,5903,9963,1067
19837,10898,18147,1690
6875,3786,6283,592
6386,3506,5818,568
3601,1938,3255,346
5998,3283,5466,532
13048,7131,11886,1162
14031,7706,12781,1250
9532,5148,8624,908
2446,1337,2225,221
7045,3810,6397,648
6313,3460,5750,563
5979,3226,5424,555
4240,2286,3842,398
11570,6333,10527,1043
13256,7190,12038,1218
11692,6341,10622,1070
4556,2534,4180,376
8888,4916,8129,759
4403,2426,4017,386
6542,3553,5929,613
7186,3922,6524,662
3816,2122,3503,313
3153,1754,2887,266
9761,5344,8884,877
6987,3858,6407,580
17336,9490,15849,1487
8667,4738,7878,789
3069,1640,2786,283
4942,2718,4515,427
4754,2604,4328,426
4264,2382,3898,366
5930,3306,5451,479
3835,2093,3486,349
6694,3607,6056,638
5972,3298,5454,518
11629,6390,10607,1022
3776,2076,3441,335
13126,7020,11908,1218
10989,5965,9982,1007
10700,5867,9767,933
10852,5963,9908,944
2743,1534,2523,220
5209,2846,4745,464
7515,4124,6848,667
8423,4655,7698,725
23705,12920,21504,2201
4268,2361,3900,368
2379,1294,2162,217
4082,2228,3721,361
6101,3362,5566,535
7115,3848,6456,659
53679,29433,49028,4651
6722,3691,6134,588
13172,7391,12087,1085
6833,3733,6220,613
10596,5739,9599,997
9946,5342,8968,978
5868,3230,5354,514
5005,2747,4573,432
5937,3305,5439,498
5753,3145,5228,525
5862,3251,5365,497
4834,2704,4445,389
5957,3276,5445,512
3218,1762,2929,289
6778,3687,6150,628
6115,3423,5616,499
7603,4149,6916,687
8099,4444,7385,714
5488,3054,5030,458
6896,3797,6291,605
2791,1530,2548,243
5867,3221,5335,532
9697,5356,8852,845
7599,4251,6986,613
3724,2065,3402,322
8961,4899,8165,796
5378,2964,4924,454
6205,3429,5668,537
2282,1260,2087,195
9034,4962,8262,772
3149,1728,2865,284
4207,2291,3817,390
2736,1486,2483,253
16253,8944,14843,1410
2460,1359,2244,216
15824,8666,14438,1386
3563,1982,3266,297
2563,1433,2351,212
5948,3281,5434,514
2953,1633,2702,251
4556,2471,4128,428
19265,10527,17571,1694
8464,4606,7704,760
2373,1344,2188,185
2836,1549,2587,249
4948,2752,4509,439
5641,3106,5138,503
6556,3568,5955,601
3927,2168,3580,347
16077,8812,14675,1402
7382,3965,6675,707
5781,3157,5259,522
7274,4057,6672,602
9645,5239,8740,905
2616,1418,2376,240
8004,4431,7321,683
6960,3819,6341,619
4677,2617,4289,388
4313,2325,3889,424
9363,5032,8452,911
3762,2077,3444,318
3959,2173,3599,360
13245,7294,12095,1150
4143,2297,3787,356
6697,3636,6084,613
2736,1480,2480,256
6442,3497,5853,589
4267,2380,3908,359
5833,3252,5345,488
2279,1234,2073,206
4994,2759,4558,436
6295,3466,5749,546
4403,2378,3985,418
11413,6213,10413,1000
15617,8687,14308,1309
5665,3172,5210,455
5154,2849,4713,441
2709,1518,2486,223
5786,3243,5318,468
3964,2169,3610,354
10119,5539,9270,849
2415,1350,2228,187
12362,6685,11181,1181
2134,1196,1953,181
5643,3136,5165,478
2947,1596,2666,281
5340,2930,4860,480
11730,6425,10682,1048
8874,4873,8093,781
1180,628,1070,110
4161,2310,3803,358
11434,6240,10409,1025
6545,3551,5946,599
16288,8985,14874,1414
1678,926,1530,148
3918,2106,3537,381
7360,4070,6718,642
13302,7265,12122,1180
5039,2769,4589,450
4901,2718,4480,421
5512,3067,5050,462
5896,3243,5387,509
4139,2288,3781,358
39742,21736,36221,3521
14226,7749,12930,1296
2324,1264,2112,212
3430,1863,3103,327
53665,29419,49017,4648
4050,2251,3700,350
4076,2229,3707,369
3112,1694,2825,287
4961,2757,4533,428
3018,1640,2736,282
2795,1541,2545,250
7607,4233,6957,650
11197,6127,10240,957
6291,3451,5738,553
5852,3181,5344,508
11354,6230,10345,1009
5216,2814,4711,505
9688,5289,8782,906
3741,2064,3414,327
24124,13457,22250,1874
2410,1311,2188,222
6420,3497,5847,573
4695,2596,4280,415
2328,1268,2113,215
8478,4608,7697,781
19683,10740,17932,1751
6235,3341,5658,577
1435,797,1318,117
2504,1395,2293,211
4342,2370,3956,386
4043,2251,3701,342
1325,748,1222,103
2397,1331,2198,199
5668,3077,5132,536
2246,1245,2052,194
2495,1350,2264,231
4193,2297,3815,378
6132,3360,5588,544
14954,8258,13696,1258
71548,39441,65395,6153
2727,1488,2484,243
2205,1211,2012,193
11448,6194,10350,1098
6060,3329,5515,545
4345,2408,3979,366
11038,6064,10093,945
9171,5071,8373,798
6963,3880,6384,579
5524,3048,5070,454
12872,7052,11762,1110
3302,1793,3001,301
15153,8327,13849,1304
22879,12562,20896,1983
3699,2040,3373,326
8347,4506,7563,784
7056,3738,6329,727
10464,5787,9583,881
4805,2649,4381,424
3420,1880,3123,297
5673,3096,5154,519
7351,4063,6715,636
6149,3468,5667,482
16967,9089,15280,1687
6933,3878,6358,575
4376,2403,3984,392
8536,4680,7794,742
5141,2818,4679,462
11577,6313,10528,1049
2521,1384,2294,227
31143,17097,28419,2724
7484,4053,6816,668
4192,2320,3829,363
5437,2998,5005,432
7420,4062,6743,677
6370,3505,5818,552
5762,3155,5242,520
1394,762,1266,128
5391,2931,4886,505
6056,3347,5525,531
1230,697,1137,93
20464,11092,18575,1889
2228,1231,2037,191
3416,1925,3144,272
8190,4393,7393,797
13453,7228,12216,1237
2247,1191,2020,227
17766,9700,16191,1575
4752,2628,4346,406
7184,3951,6540,644
9380,5183,8569,811
79333,43472,72281,7052
5177,2852,4725,452
6204,3338,5622,582
2574,1443,2366,208
8173,4532,7487,686
7744,4270,7083,661
11682,6391,10635,1047
16173,8848,14732,1441
3801,2113,3485,316
1806,989,1640,166
1996,1114,1832,164
7233,3966,6582,651
5830,3236,5332,498
3714,2015,3362,352
11318,6160,10316,1002
5621,3099,5115,506
7938,4426,7275,663
3062,1697,2801,261
7338,4011,6678,660
11293,6256,10325,968
3353,1832,3050,303
2179,1186,1990,189
2511,1388,2288,223
7697,4259,7044,653
950,525,874,76
1806,982,1646,160
12609,6898,11468,1141
4608,2535,4202,406
4391,2413,4009,382
3327,1785,3003,324
9526,5178,8628,898
4496,2470,4102,394
18682,10181,17075,1607
1124,634,1037,87
7124,3928,6514,610
3111,1726,2852,259
10135,5616,9276,859
7347,4061,6712,635
767,422,697,70
3175,1711,2892,283
22816,12679,20846,1970
1226,697,1135,91
6635,3634,6044,591
8208,4528,7497,711
5145,2857,4709,436
44103,24091,40141,3962
6109,3399,5583,526
3933,2201,3615,318
10273,5656,9371,902
2540,1364,2314,226
2577,1408,2344,233
1970,1058,1778,192
3393,1827,3058,335
4713,2560,4274,439
7228,3987,6600,628
5385,2983,4928,457
1238,705,1147,91
14010,7642,12738,1272
7215,3948,6593,622
12611,6833,11473,1138
23743,12986,21667,2076
3168,1739,2890,278
3814,2108,3490,324
7755,4267,7084,671
4401,2435,4028,373
3796,2082,3463,333
10331,5792,9470,861
5316,2914,4847,469
26267,14167,23791,2476
6864,3812,6275,589
2027,1080,1843,184
4392,2462,4042,350
3640,2018,3326,314
7160,3962,6537,623
5463,3072,5017,446
6322,3503,5774,548
5186,2875,4748,438
20664,11397,18887,1777
6506,3534,5903,603
3247,1790,2970,277
4088,2251,3734,354
2482,1362,2260,222
1662,911,1521,141
4598,2545,4198,400
3118,1686,2829,289
6244,3372,5656,588
7953,4400,7259,694
10521,5731,9601,920
9818,5312,8888,930
2728,1490,2482,246
10433,5649,9454,979
31481,17336,28791,2690
4704,2547,4277,427
5384,2959,4900,484
4144,2299,3794,350
6953,3801,6352,601
11063,6045,10102,961
19445,10747,17810,1635
5753,3152,5253,500
3619,1972,3280,339
10260,5723,9408,852
6498,3584,5934,564
4527,2472,4123,404
5700,3135,5204,496
3945,2187,3605,340
10605,5756,9612,993
6871,3759,6255,616
9412,5119,8569,843
2407,1330,2204,203
9794,5256,8847,947
7462,4083,6798,664
8600,4702,7827,773
12727,6941,11573,1154
5665,3089,5146,519
7786,4310,7121,665
4561,2486,4144,417
7134,3923,6515,619
2593,1412,2361,232
12523,6803,11382,1141
13472,7365,12256,1216
10656,5861,9725,931
7735,4280,7055,680
1527,847,1395,132
6751,3718,6150,601
2125,1189,1952,173
53802,29469,49123,4679
4743,2581,4322,421
6102,3392,5586,516
8143,4458,7420,723
6460,3496,5854,606
1192,647,1090,102
3740,2059,3423,317
6722,3712,6154,568
6674,3697,6109,565
18802,10276,17101,1701
10855,5938,9858,997
4950,2717,4502,448
4608,2568,4225,383
7310,4011,6647,663
5627,3093,5127,500
2968,1638,2723,245
4348,2411,3970,378
9165,5027,8337,828
5073,2800,4625,448
8979,4924,8202,777
9386,5155,8554,832
4017,2248,3691,326
8811,4816,8031,780
6765,3703,6153,612
10172,5645,9298,874
3699,2038,3372,327
6437,3557,5876,561
3337,1837,3042,295
4466,2461,4078,388
6937,3783,6302,635
2541,1409,2323,218
4414,2425,4032,382
3645,2045,3343,302
2977,1678,2742,235
5276,2916,4814,462
3608,2022,3309,299
6975,3828,6362,613
7834,4216,7083,751
8551,4717,7800,751
12807,6974,11671,1136
8640,4675,7815,825
12912,7137,11802,1110
6541,3570,5962,579
2352,1306,2151,201
6558,3659,6022,536
6255,3373,5682,573
13123,7264,12006,1117
7107,3900,6473,634
21977,11875,19912,2065
28203,15516,25640,2563
4230,2314,3843,387
12763,6943,11583,1180
5299,2960,4865,434
3556,1974,3252,304
6309,3394,5673,636
5304,2819,4778,526
8145,4468,7422,723
25794,14209,23598,2196
4912,2681,4492,420
6518,3522,5895,623
5990,3287,5488,502
3018,1658,2754,264
4049,2236,3694,355
2319,1311,2136,183
3740,2062,3417,323
8022,4401,7332,690
6801,3727,6195,606
13191,7345,12083,1108
7720,4278,7069,651
18608,10173,17028,1580
11521,6267,10475,1046
6813,3695,6172,641
9639,5324,8808,831
1408,811,1310,98
5445,2950,4940,505
3460,1889,3150,310
6451,3493,5847,604
7332,4038,6691,641
11898,6547,10867,1031
13130,7188,11999,1131
3743,2090,3426,317
8364,4684,7682,682
3967,2243,3645,322
3726,2014,3375,351
9416,5104,8535,881
13485,7408,12296,1189
9845,5433,8985,860
17848,9843,16311,1537
4122,2256,3749,373
9346,5081,8488,858
8244,4504,7501,743
6874,3770,6255,619
4041,2238,3695,346
4950,2664,4501,449
4330,2389,3954,376
1678,941,1546,132
4125,2253,3755,370
1085,603,995,90
2235,1265,2064,171
3306,1802,2998,308
10655,5795,9674,981
3301,1831,3018,283
5339,2935,4860,479
8847,4759,7981,866
7100,3908,6486,614
4077,2260,3736,341
5311,2891,4822,489
3537,1902,3197,340
17556,9535,15991,1565
8397,4659,7688,709
4509,2516,4128,381
8071,4410,7339,732
5373,2868,4844,529
5130,2821,4668,462
11294,6114,10256,1038
7747,4269,7075,672
9317,5196,8558,759
41383,22532,37623,3760
4057,2272,3720,337
2804,1540,2554,250
3870,2129,3533,337
5740,3190,5250,490
2481,1370,2271,210
7148,3891,6492,656
15798,8643,14423,1375
9159,4929,8303,856
6005,3332,5489,516
4245,2339,3875,370
8385,4537,7590,795
3733,2091,3424,309
2823,1542,2565,258
5428,2980,4945,483
4539,2518,4157,382
4164,2280,3786,378
3715,2063,3404,311
5492,2983,4990,502
11681,6372,10614,1067
3062,1706,2809,253
6562,3587,5992,570
6243,3392,5643,600
3194,1751,2904,290
15568,8509,14146,1422
7193,4018,6573,620
7504,4166,6854,650
1780,973,1617,163
1703,950,1563,140
4968,2760,4558,410
3874,2149,3543,331
4325,2367,3930,395
13752,7542,12567,1185
11167,6099,10158,1009
5781,3169,5268,513
9237,5063,8428,809
5691,3183,5229,462
8833,4866,8068,765
11045,6008,10113,932
15631,8524,14219,1412
2628,1443,2388,240
14154,7602,12778,1376
7081,3844,6422,659
8006,4384,7282,724
1409,763,1279,130
1933,1057,1759,174
6977,3842,6364,613
4764,2649,4355,409
3766,2054,3422,344
2204,1178,2001,203
6670,3722,6116,554
6050,3348,5535,515
4654,2578,4266,388
5026,2788,4589,437
3487,1894,3171,316
23413,12799,21289,2124
22160,12096,20219,1941
1866,1029,1708,158
7906,4268,7155,751
7468,4139,6834,634
2790,1533,2533,257
13440,7529,12320,1120
1802,970,1629,173
4227,2367,3881,346
10064,5452,9084,980
7730,4277,7057,673
21082,11627,19280,1802
10083,5443,9148,935
2508,1328,2269,239
9396,5133,8583,813
4184,2309,3823,361
3189,1774,2918,271
2586,1434,2365,221
6252,3396,5677,575
4159,2318,3811,348
9851,5412,9045,806
5732,3195,5265,467
9811,5548,9021,790
3357,1858,3078,279
2377,1292,2152,225
5134,2804,4665,469
8590,4731,7865,725
7054,3837,6395,659
17018,9368,15529,1489
8742,4746,7927,815
5370,2946,4894,476
11583,6331,10538,1045
6509,3538,5912,597
4299,2377,3931,368
6027,3283,5479,548
19491,10724,17783,1708
5429,3021,4989,440
14206,7787,12937,1269
7425,4009,6746,679
4308,2384,3935,373
8527,4744,7866,661
5580,3121,5121,459
6513,3522,5891,622
10077,5556,9200,877
7241,3973,6607,634
9534,5336,8744,790
7671,4209,6981,690
1356,730,1236,120
6564,3616,5982,582
6587,3616,6003,584
12295,6628,11157,1138
9134,4940,8284,850
7500,4170,6863,637
15016,8034,13640,1376
4504,2490,4126,378
3412,1879,3117,295
16852,9253,15385,1467
4388,2423,4026,362
6955,3777,6329,626
8186,4389,7381,805
39278,21476,35776,3502
22769,12195,20691,2078
6663,3687,6099,564
5573,3088,5099,474
9517,5251,8683,834
2590,1431,2362,228
9631,5252,8764,867
2827,1551,2581,246
2614,1440,2386,228
12919,7066,11752,1167
5135,2878,4707,428
9430,5254,8654,776
3146,1721,2871,275
8902,4837,8083,819
6424,3548,5878,546
3063,1646,2769,294
4181,2320,3824,357
6097,3380,5582,515
9246,5095,8428,818
3997,2227,3662,335
13203,7261,12046,1157
4784,2647,4375,409
7237,3994,6610,627
6148,3370,5604,544
10511,5716,9545,966
14315,7860,13111,1204
11210,6219,10272,938
9465,5231,8646,819
5846,3231,5341,505
9037,4933,8247,790
2365,1276,2150,215
11139,6106,10137,1002
3110,1710,2833,277
5799,3186,5281,518
9445,5186,8616,829
8845,4857,8066,779
2731,1493,2496,235
5300,2910,4838,462
7215,3961,6583,632
23926,13090,21732,2194
6407,3461,5791,616
8078,4506,7408,670
9277,5068,8448,829
4720,2574,4292,428
3465,1939,3179,286
6249,3408,5685,564
1979,1088,1804,175
3695,2042,3375,320
6346,3449,5757,589
2164,1194,1970,194
5901,3286,5408,493
2980,1660,2731,249
4451,2466,4075,376
28464,15586,25973,2491
4571,2518,4169,402
6124,3333,5561,563
4392,2439,4010,382
5880,3222,5344,536
6421,3472,5816,605
19728,10857,17994,1734
2440,1350,2233,207
4572,2530,4169,403
6368,3458,5772,596
6609,3622,6019,590
4459,2466,4065,394
1631,877,1481,150
4080,2243,3709,371
8160,4541,7470,690
5283,2950,4839,444
7206,3988,6590,616
10408,5753,9532,876
9352,5077,8479,873
6855,3804,6267,588
3633,1953,3278,355
4470,2438,4063,407
3528,1930,3220,308
17569,9557,15937,1632
3417,1923,3128,289
5355,2991,4912,443
6665,3635,6066,599
1867,1034,1707,160
8719,4682,7859,860
8664,4829,7929,735
10508,5800,9603,905
3146,1724,2869,277
6900,3768,6262,638
4223,2338,3862,361
11470,6246,10466,1004
8964,4847,8123,841
16007,8825,14722,1285
2504,1386,2286,218
8400,4550,7666,734
7636,4203,6981,655
5985,3243,5418,567
5046,2790,4607,439
3673,2060,3375,298
5961,3330,5464,497
4815,2682,4414,401
12193,6672,11081,1112
3752,2071,3424,328
12607,6881,11479,1128
11116,6046,10077,1039
4553,2520,4156,397
3110,1698,2827,283
3328,1816,3025,303
12702,6825,11461,1241
7375,4061,6721,654
9023,4923,8207,816
3076,1690,2800,276
7010,3835,6374,636
6082,3293,5512,570
6177,3406,5657,520
3852,2138,3516,336
2638,1473,2421,217
5685,3166,5208,477
5257,2931,4819,438
5059,2817,4641,418
25801,14218,23610,2191
12245,6851,11216,1029
7375,4037,6710,665
6370,3609,5881,489
4958,2670,4458,500
6243,3414,5683,560
5560,3044,5056,504
7537,4176,6894,643
3521,1928,3209,312
2867,1574,2621,246
23765,12892,21577,2188
7245,4008,6616,629
18111,10071,16594,1517
967,518,884,83
7154,3893,6488,666
5464,3007,4976,488
2823,1558,2578,245
9410,5151,8576,834
4098,2287,3758,340
14290,7786,13004,1286
12845,7101,11732,1113
5648,3013,5087,561
2855,1575,2607,248
14186,7681,12850,1336
6628,3608,6013,615
30942,16959,28176,2766
15402,8322,13952,1450
1347,746,1231,116
5274,2927,4815,459
4278,2357,3904,374
8535,4639,7738,797
3483,1920,3182,301
4335,2351,3939,396
5880,3253,5373,507
13429,7241,12159,1270
4658,2517,4225,433
5292,2932,4835,457
9956,5418,9052,904
8947,4874,8127,820
8907,4893,8122,785
15914,8790,14525,1389
17917,9795,16385,1532
8394,4647,7662,732
2294,1244,2082,212
48277,26404,44203,4074
9662,5280,8801,861
9630,5308,8793,837
596,317,541,55
2566,1395,2332,234
7791,4307,7117,674
2596,1414,2367,229
3714,2047,3404,310
5209,2893,4769,440
49413,27079,45192,4221
6147,3365,5600,547
2849,1571,2595,254
15114,8327,13793,1321
12239,6658,11124,1115
3658,2040,3350,308
19058,10308,17396,1662
6003,3274,5464,539
13466,7372,12297,1169
6729,3688,6126,603
16585,9050,15046,1539
2083,1129,1897,186
3409,1859,3109,300
5401,2984,4925,476
11624,6328,10584,1040
7776,4218,7078,698
2267,1230,2062,205
12894,7092,11772,1122
7594,4146,6905,689
3531,1962,3229,302
6402,3457,5786,616
3653,2018,3341,312
10223,5550,9287,936
2935,1601,2663,272
5239,2844,4759,480
5284,2896,4814,470
6365,3489,5800,565
9208,5049,8364,844
9207,5066,8375,832
6019,3351,5512,507
9407,5125,8551,856
3777,2093,3463,314
22502,12296,20424,2078
4642,2570,4247,395
2161,1168,1955,206
10214,5593,9291,923
3744,2051,3411,333
6275,3510,5755,520
8767,4830,8005,762
5461,3011,4987,474
28776,15846,26356,2420
16205,8839,14815,1390
3789,2093,3465,324
18038,9913,16427,1611
11428,6300,10436,992
3340,1866,3065,275
12506,6813,11374,1132
3102,1701,2828,274
72249,39556,65757,6492
12150,6650,11097,1053
1874,1062,1727,147
4031,2191,3659,372
13631,7479,12414,1217
12802,7075,11710,1092
8666,4784,7920,746
5712,3116,5202,510
4575,2512,4173,402
43619,23904,39758,3861
5444,2912,4901,543
7099,3898,6467,632
6440,3577,5910,530
8477,4620,7717,760
1847,1033,1698,149
8512,4577,7743,769
6992,3851,6374,618
7209,3913,6538,671
2289,1227,2083,206
4352,2408,3979,373
6282,3396,5681,601
24605,13471,22476,2129
2370,1315,2167,203
2954,1603,2688,266
7069,3870,6427,642
5895,3274,5388,507
7658,4201,6971,687
3532,1930,3223,309
7328,4044,6688,640
5863,3162,5299,564
13762,7528,12520,1242
10116,5586,9253,863
3324,1856,3052,272
2452,1349,2235,217
8853,4816,8039,814
3285,1822,3012,273
3649,1990,3313,336
5772,3097,5211,561
6955,3801,6335,620
2956,1641,2705,251
4961,2705,4528,433
3314,1842,3039,275
8272,4547,7544,728
16467,8940,14909,1558
11327,6236,10341,986
2801,1522,2577,224
2489,1333,2266,223
4455,2475,4074,381
6382,3472,5786,596
2416,1347,2219,197
3356,1798,3027,329
6420,3520,5846,574
10758,5823,9755,1003
23721,12893,21525,2196
2855,1559,2593,262
3725,2078,3418,307
4468,2458,4082,386
61533,33864,56174,5359
9631,5296,8807,824
8444,4660,7713,731
6157,3384,5607,550
6613,3667,6035,578
9724,5290,8849,875
6381,3457,5790,591
7370,4061,6720,650
10245,5632,9342,903
1719,959,1578,141
5335,2879,4835,500
8554,4677,7810,744
4687,2528,4233,454
3735,2043,3393,342
14036,7601,12707,1329
10539,5745,9623,916
3745,2079,3425,320
5402,2933,4921,481
8466,4661,7730,736
13502,7395,12287,1215
3721,2059,3396,325
9749,5366,8886,863
4750,2589,4315,435
6186,3405,5648,538
10473,5789,9604,869
5751,3204,5287,464
2059,1098,1860,199
10085,5542,9201,884
6990,3876,6395,595
4657,2525,4264,393
6263,3480,5723,540
1784,971,1628,156
5617,3033,5083,534
2809,1559,2566,243
5021,2777,4597,424
3095,1713,2843,252
6921,3765,6273,648
11296,6203,10312,984
4798,2681,4398,400
2293,1300,2114,179
5449,3031,5002,447
5272,2816,4760,512
5001,2754,4564,437
2518,1420,2323,195
7197,4013,6607,590
2386,1332,2191,195
9014,4937,8206,808
33737,18522,30789,2948
19173,10497,17494,1679
5763,3210,5303,460
7366,4014,6700,666
3027,1632,2737,290
7941,4345,7211,730
6421,3556,5867,554
7263,4054,6654,609
3445,1882,3135,310
1794,1007,1652,142
5764,3175,5258,506
6713,3725,6143,570
4157,2312,3809,348
4690,2611,4293,397
5406,2926,4896,510
4025,2256,3691,334
4573,2520,4171,402
2779,1501,2519,260
5496,2986,4993,503
5302,2956,4855,447
2926,1621,2682,244
7670,4195,6978,692
6251,3426,5687,564
5640,3162,5182,458
3625,1984,3296,329
12526,6942,11477,1049
4712,2584,4286,426
3480,1919,3189,291
13261,7113,11931,1330
7746,4267,7058,688
6117,3399,5591,526
4516,2491,4123,393
3846,2142,3524,322
9451,5175,8614,837
5458,3051,5008,450
6783,3760,6213,570
3534,2033,3297,237
5132,2886,4729,403
6592,3630,6003,589
5021,2793,4604,417
6274,3401,5688,586
4672,2545,4247,425
7393,4078,6759,634
4950,2700,4499,451
3886,2116,3533,353
7567,4105,6854,713
7710,4299,7073,637
4985,2735,4533,452
5913,3257,5399,514
11652,6319,10583,1069
9368,5167,8551,817
4420,2471,4050,370
4190,2335,3833,357
16044,8644,14518,1526
4230,2327,3856,374
12815,6982,11671,1144
3831,2088,3486,345
8910,4862,8100,810
3351,1858,3064,287
2470,1351,2267,203
3954,2193,3624,330
4416,2425,4027,389
5272,2938,4838,434
86258,47369,78843,7415
2613,1450,2390,223
5897,3231,5354,543
4755,2579,4340,415
7005,3859,6403,602
6348,3520,5801,547
7149,3879,6505,644
5549,3011,5039,510
5862,3262,5376,486
5230,2864,4765,465
5046,2776,4596,450
15435,8492,14078,1357
5245,2860,4762,483
4678,2556,4264,414
4644,2557,4240,404
6890,3771,6263,627
1923,1045,1745,178
9079,4935,8285,794
7321,4092,6721,600
6676,3661,6082,594
3845,2121,3512,333
4535,2513,4147,388
8616,4738,7859,757
6405,3548,5862,543
5075,2758,4607,468
4162,2286,3802,360
3856,2094,3498,358
10679,5844,9752,927
12009,6558,10938,1071
8412,4576,7639,773
5109,2777,4643,466
3488,1922,3193,295
6568,3607,5988,580
8504,4596,7734,770
4945,2752,4532,413
4815,2655,4400,415
1663,918,1528,135
4250,2377,3891,359
5543,3074,5081,462
3268,1793,2978,290
15803,8611,14365,1438
3568,1961,3257,311
3686,2071,3390,296
2080,1119,1879,201
8176,4436,7414,762
5693,3144,5210,483
7522,4130,6857,665
7868,4302,7146,722
8391,4553,7610,781
8926,4896,8170,756
6446,3499,5855,591
8994,4956,8214,780
5810,3194,5295,515
3785,2074,3441,344
4726,2601,4322,404
2483,1357,2254,229
2628,1433,2398,230
9699,5300,8840,859
3004,1614,2715,289
2007,1101,1829,178
6181,3394,5631,550
10161,5646,9302,859
7412,4087,6764,648
3567,1933,3234,333
2585,1400,2352,233
7063,3822,6405,658
36644,20282,33484,3160
4559,2501,4150,409
1883,1046,1719,164
5312,2949,4855,457
2997,1625,2712,285
2493,1414,2306,187
10879,6077,9973,906
12271,6676,11129,1142
6021,3315,5488,533
4472,2516,4109,363
4868,2708,4460,408
10271,5578,9366,905
5786,3143,5243,543
10175,5488,9211,964
10964,5979,9982,982
1612,891,1477,135
7205,4002,6596,609
6382,3494,5829,553
5212,2869,4779,433
4949,2738,4530,419
8234,4565,7542,692
13544,7347,12271,1273
2243,1241,2044,199
13229,7099,11927,1302
7287,3980,6630,657
10651,5878,9713,938
13689,7425,12406,1283
26208,14279,23861,2347
6006,3298,5477,529
6265,3406,5688,577
14259,7751,13026,1233
12501,7022,11510,991
2653,1489,2447,206
6393,3496,5809,584
5814,3197,5305,509
11450,6187,10406,1044
5574,3017,5035,539
4427,2464,4051,376
3314,1805,3016,298
4563,2543,4188,375
9802,5442,8976,826
1632,879,1492,140
2906,1629,2672,234
7666,4220,6991,675
9252,4954,8328,924
6680,3627,6048,632
2628,1465,2406,222
6260,3427,5705,555
5206,2884,4763,443
6340,3487,5775,565
7962,4260,7158,804
4827,2666,4417,410
11642,6354,10612,1030
11862,6448,10778,1084
4646,2598,4263,383
8765,4828,7993,772
4512,2439,4086,426
7200,3974,6574,626
15171,8395,13877,1294
4947,2708,4499,448
4724,2581,4303,421
2615,1425,2381,234
2240,1234,2046,194
3969,2215,3650,319
1936,1048,1761,175
32959,18160,30125,2834
3964,2169,3606,358
4573,2568,4199,374
13496,7401,12348,1148
4690,2615,4297,393
4557,2479,4160,397
9683,5338,8835,848
4016,2207,3669,347
4525,2451,4095,430
12135,6610,11041,1094
5701,3119,5205,496
9790,5459,8975,815
7763,4302,7104,659
20615,11385,18847,1768
5069,2803,4635,434
5567,3089,5097,470
9838,5370,8950,888
13832,7672,12672,1160
5690,3114,5172,518
6401,3550,5844,557
3876,2136,3541,335
1476,817,1350,126
22253,12029,20297,1956
3710,2046,3388,322
4341,2391,3953,388
12940,7077,11799,1141
3777,2072,3440,337
1825,1008,1666,159
2116,1149,1910,206
6900,3736,6264,636
6877,3767,6265,612
4175,2319,3821,354
2608,1444,2384,224
5235,2880,4774,461
2477,1397,2283,194
13375,7316,12189,1186
6778,3696,6154,624
7949,4341,7234,715
4657,2553,4245,412
4723,2564,4290,433
4901,2672,4466,435
3609,1987,3298,311
11659,6431,10664,995
22862,12549,20882,1980
16083,8848,14699,1384
9677,5288,8823,854
5871,3213,5346,525
4808,2652,4389,419
5568,3113,5115,453
5142,2829,4690,452
4683,2515,4225,458
5628,3071,5114,514
2955,1650,2716,239
3234,1789,2959,275
2819,1559,2573,246
29001,15809,26491,2510
1741,952,1586,155
6795,3762,6211,584
4478,2420,4053,425
3436,1900,3133,303
2002,1100,1827,175
7590,4201,6925,665
4978,2759,4568,410
4727,2582,4329,398
2549,1387,2318,231
8793,4755,7979,814
1503,841,1386,117
6764,3740,6184,580
12723,6926,11608,1115
9125,5029,8337,788
2781,1538,2548,233
14758,7998,13376,1382
2868,1559,2601,267
5584,3128,5132,452
6214,3467,5702,512
8711,4758,7946,765
3996,2200,3654,342
9228,5067,8396,832
5954,3272,5436,518
2968,1643,2722,246
9236,5049,8392,844
12513,6782,11348,1165
3738,2035,3382,356
4966,2731,4522,444
989,548,905,84
8986,4875,8150,836
12925,7006,11703,1222
7997,4406,7301,696
4629,2594,4249,380
5939,3297,5435,504
7474,4132,6836,638
8025,4467,7348,677
6331,3464,5794,537
6596,3668,6042,554
3455,1862,3115,340
3475,1921,3172,303
17327,9456,15715,1612
16004,8756,14581,1423
10672,5896,9776,896
8116,4448,7405,711
5083,2777,4637,446
2140,1158,1940,200
3341,1839,3046,295
12958,7198,11848,1110
4492,2411,4050,442
6395,3464,5776,619
2709,1479,2472,237
5227,2869,4787,440
1936,1086,1788,148
10919,5895,9877,1042
6066,3342,5531,535
5110,2730,4607,503
4442,2372,3990,452
10082,5618,9243,839
5196,2838,4715,481
4305,2335,3910,395
23519,12663,21403,2116
4341,2421,3976,365
4842,2626,4393,449
6554,3568,5955,599
4162,2285,3798,364
6539,3639,6011,528
6737,3685,6136,601
7470,4092,6792,678
7923,4307,7186,737
23083,12576,21058,2025
13252,7200,12003,1249
16252,8689,14736,1516
15127,8236,13789,1338
8009,4434,7327,682
4807,2683,4407,400
7647,4208,6968,679
4912,2703,4489,423
3940,2230,3650,290
3869,2147,3539,330
2892,1571,2631,261
7767,4264,7081,686
2352,1309,2173,179
5747,3182,5246,501
6094,3419,5606,488
7505,4132,6833,672
3410,1928,3142,268
6196,3356,5582,614
20677,11403,18863,1814
7107,3944,6499,608
8839,4834,8046,793
6302,3457,5750,552
4336,2375,3944,392
2088,1111,1895,193
17854,9891,16351,1503
4535,2480,4121,414
4103,2292,3760,343
23254,12660,21127,2127
1075,614,998,77
5087,2828,4657,430
1732,973,1592,140
16455,8849,14862,1593
5107,2808,4652,455
9520,5146,8647,873
5267,2891,4809,458
7696,4227,7026,670
4374,2426,4000,374
9893,5440,9014,879
8615,4749,7858,757
10128,5539,9206,922
3612,1977,3284,328
7591,4206,6935,656
4830,2705,4431,399
5636,3103,5158,478
3438,1884,3138,300
6616,3579,6012,604
8995,4872,8144,851
4993,2803,4580,413
2339,1281,2117,222
2186,1236,2016,170
5642,3137,5180,462
10671,5914,9761,910
7407,4056,6744,663
4713,2536,4253,460
6699,3610,6119,580
5295,2873,4825,470
8997,4908,8165,832
4129,2238,3745,384
3437,1899,3144,293
10284,5720,9419,865
8355,4502,7549,806
5168,2831,4703,465
2889,1597,2646,243
5938,3199,5377,561
9301,5059,8447,854
38608,21142,35222,3386
7299,4083,6700,599
4647,2559,4231,416
12291,6741,11196,1095
1684,929,1534,150
8902,4799,8104,798
2549,1409,2334,215
4117,2273,3757,360
4421,2470,4055,366
2892,1614,2651,241
6250,3395,5676,574
8593,4627,7757,836
5958,3280,5447,511
8509,4702,7769,740
53664,29405,48987,4677
3814,2137,3503,311
3744,2062,3422,322
3412,1869,3094,318
6098,3410,5595,503
4059,2274,3723,336
7383,4008,6712,671
15678,8560,14314,1364
6181,3438,5669,512
4917,2711,4470,447
7391,4132,6799,592
4506,2479,4104,402
2206,1246,2038,168
14968,8193,13625,1343
9468,5196,8631,837
12704,6895,11520,1184
2501,1380,2285,216
3115,1688,2826,289
4279,2360,3916,363
4535,2499,4139,396
2944,1634,2697,247
4573,2506,4161,412
13635,7386,12336,1299
6464,3545,5898,566
2312,1299,2132,180
14987,8132,13621,1366
12844,6984,11660,1184
2134,1186,1958,176
7957,4328,7226,731
1342,739,1225,117
5733,3185,5256,477
1795,980,1651,144
8843,4858,8065,778
6725,3753,6131,594
14537,7970,13299,1238
8450,4638,7699,751
8599,4734,7844,755
1876,1026,1709,167
8984,4901,8193,791
6072,3386,5559,513
8410,4559,7637,773
2226,1261,2053,173
9816,5403,8962,854
1269,713,1171,98
4061,2245,3707,354
2748,1518,2512,236
6601,3705,6066,535
8503,4585,7728,775
4635,2469,4171,464
2289,1293,2107,182
3380,1841,3074,306
7118,3950,6510,608
1462,778,1322,140
5744,3176,5248,496
7008,3843,6374,634
2610,1430,2377,233
569,314,524,45
4352,2392,3973,379
4958,2711,4512,446
9487,5189,8640,847
3599,1987,3288,311
12910,7064,11776,1134
12350,6738,11229,1121
1132,593,1032,100
9595,5331,8797,798
3163,1707,2866,297
6166,3341,5582,584
6144,3415,5624,520
3359,1818,3042,317
5278,2894,4803,475
5937,3313,5448,489
5959,3198,5383,576
14291,7729,13023,1268
18103,9897,16457,1646
7919,4346,7215,704
2378,1322,2177,201
11851,6665,10891,960
5981,3343,5493,488
17410,9572,15910,1500
9411,5173,8598,813
6911,3828,6319,592
1937,1072,1764,173
9301,5114,8497,804
7181,3943,6544,637
9121,5008,8321,800
2008,1087,1823,185
4724,2649,4340,384
14733,8114,13504,1229
3496,1918,3181,315
18576,10057,16864,1712
6366,3466,5773,593
2125,1187,1951,174
12895,7090,11772,1123
61491,33917,56227,5264
2588,1463,2386,202
8370,4557,7631,739
3207,1731,2902,305
5978,3247,5446,532
3741,2056,3423,318
74109,40572,67427,6682
34597,18970,31603,2994
6246,3440,5705,541
8970,4882,8137,833
19130,10399,17459,1671
2342,1302,2147,195
3550,1976,3260,290
3508,1924,3201,307
12079,6612,10943,1136
5246,2900,4789,457
6343,3430,5738,605
2446,1362,2245,201
6765,3693,6142,623
6794,3648,6132,662
4780,2644,4370,410
4143,2259,3769,374
8786,4772,7971,815
12200,6654,11138,1062
4278,2395,3932,346
568,324,524,44
3996,2148,3605,391
3970,2192,3630,340
16407,8955,14966,1441
27147,14977,24805,2342
6873,3741,6224,649
7962,4464,7305,657
31564,17309,28834,2730
8501,4653,7752,749
5303,2847,4799,504
9173,5031,8356,817
4112,2281,3755,357
7814,4213,7068,746
2338,1288,2130,208
7460,4085,6799,661
12346,6856,11306,1040
3402,1876,3103,299
15669,8576,14309,1360
8315,4483,7547,768
9214,5041,8391,823
5615,3098,5125,490
24479,13443,22371,2108
3844,2110,3506,338
3493,1912,3175,318
7139,3953,6518,621
4037,2241,3701,336
2855,1558,2594,261
6534,3573,5932,602
2863,1560,2604,259
1724,963,1589,135
10473,5710,9521,952
1823,1001,1658,165
7531,4084,6820,711
23989,13323,21963,2026
1031,573,946,85
8346,4522,7597,749
3272,1833,3004,268
3892,2145,3551,341
2517,1378,2293,224
49718,27253,45524,4194
14951,8181,13623,1328
6610,3636,6046,564
8754,4783,7971,783
1860,1028,1703,157
3416,1902,3130,286
2860,1560,2598,262
10423,5674,9474,949
3845,2129,3521,324
7121,3868,6460,661
7319,4085,6695,624
10591,5748,9603,988
5525,3018,5024,501
41096,22555,37487,3609
3586,1976,3275,311
6024,3337,5500,524
10796,5982,9872,924
5191,2903,4763,428
5172,2848,4711,461
19206,10368,17387,1819
39264,21471,35764,3500
5378,2963,4913,465
9783,5354,8900,883
15164,8297,13803,1361
7579,4230,6959,620
4555,2493,4149,406
6600,3609,6006,594
5782,3160,5261,521
2668,1480,2444,224
6557,3638,6000,557
6116,3384,5588,528
4254,2353,3883,371
3597,1982,3285,312
6311,3377,5727,584
7535,4045,6823,712
8874,4868,8084,790
21173,11573,19383,1790
9264,5053,8406,858
10310,5693,9415,895
11951,6524,10903,1048
2663,1483,2436,227
7195,3903,6522,673
6234,3492,5713,521
4385,2375,3977,408
17124,9478,15773,1351
8903,4812,8063,840
15204,8384,13880,1324
2558,1410,2334,224
18026,9644,16227,1799
4600,2553,4207,393
6055,3319,5512,543
751,423,697,54
2493,1398,2295,198
8788,4758,7998,790
3583,1994,3273,310
3464,1859,3145,319
14569,7901,13236,1333
11142,6051,10111,1031
12161,6635,11104,1057
12224,6592,11043,1181
8106,4447,7383,723
3565,1965,3260,305
3009,1655,2740,269
1532,855,1400,132
4932,2736,4505,427
4179,2305,3825,354
9389,5130,8554,835
7257,3975,6608,649
4454,2476,4075,379
7400,4008,6696,704
2674,1469,2434,240
14432,7978,13204,1228
6336,3500,5801,535
7329,3964,6671,658
3932,2159,3585,347
9383,5202,8593,790
5748,3156,5235,513
41818,22922,38108,3710
2742,1498,2499,243
9074,4946,8224,850
3653,1991,3330,323
5765,3233,5298,467
27233,14961,24848,2385
13802,7665,12618,1184
2245,1217,2033,212
4177,2328,3826,351
7152,3944,6539,613
9287,5144,8515,772
3033,1603,2730,303
4401,2425,4022,379
10148,5463,9172,976
15524,8539,14165,1359
18026,9977,16507,1519
5776,3124,5238,538
5398,2997,4939,459
5134,2783,4656,478
3484,1893,3166,318
3233,1790,2955,278
8223,4593,7553,670
7286,3970,6612,674
2985,1659,2733,252
15546,8436,14151,1395
4550,2471,4125,425
5760,3167,5245,515
14076,7691,12815,1261
8010,4360,7295,715
8077,4455,7374,703
8554,4668,7761,793
2260,1246,2071,189
6904,3792,6299,605
5925,3226,5382,543
3917,2161,3562,355
19309,10549,17653,1656
6274,3463,5729,545
6263,3429,5708,555
5211,2857,4754,457
8622,4758,7875,747
5956,3319,5457,499
1048,592,967,81
7181,3868,6488,693
14205,7951,13028,1177
4468,2437,4060,408
9384,5178,8570,814
4694,2614,4304,390
10287,5657,9392,895
12344,6656,11221,1123
6466,3586,5915,551
12854,7145,11746,1108
7245,3929,6587,658
16226,8938,14828,1398
3199,1724,2908,291
6474,3562,5900,574
12765,7042,11692,1073
7984,4421,7312,672
6287,3528,5778,509
7049,3864,6418,631
6384,3555,5856,528
15267,8427,13916,1351
12875,7098,11763,1112
3646,1959,3288,358
4883,2664,4437,446
6405,3471,5810,595
2400,1303,2178,222
5451,2964,4944,507
5181,2864,4738,443
7139,3891,6488,651
2420,1310,2192,228
25714,14148,23619,2095
8935,4842,8090,845
4614,2530,4197,417
4892,2713,4482,410
2053,1114,1865,188
7247,3930,6576,671
15174,8310,13819,1355
44883,24906,41322,3561
6524,3674,6010,514
2364,1287,2138,226
15648,8438,14227,1421
4287,2359,3904,383
4995,2770,4568,427
5240,2903,4795,445
7598,4165,6926,672
4794,2669,4390,404
2607,1437,2373,234
15591,8610,14269,1322
7474,4142,6829,645
20680,11333,18837,1843
14988,8241,13733,1255
5975,3283,5449,526
10283,5569,9306,977
3053,1657,2762,291
3742,2068,3416,326
9929,5390,9023,906
9124,4980,8331,793
5249,2913,4801,448
7413,4100,6771,642
5530,3003,5006,524
8651,4776,7911,740
3779,2076,3452,327
3037,1675,2772,265
6568,3564,5967,601
2584,1425,2351,233
5598,3055,5090,508
8112,4463,7404,708
4458,2455,4074,384
6087,3324,5540,547
5351,2855,4819,532
9469,5070,8530,939
15752,8585,14298,1454
11601,6366,10561,1040
6114,3358,5585,529
4684,2567,4260,424
2811,1550,2563,248
6633,3630,6054,579
6367,3440,5796,571
4050,2215,3692,358
7134,3890,6494,640
5345,2967,4887,458
3203,1771,2935,268
7470,4047,6829,641
7407,4067,6761,646
15017,8183,13638,1379
8399,4639,7662,737
2510,1413,2304,206
5591,3046,5075,516
10077,5521,9179,898
5917,3222,5390,527
2355,1294,2147,208
2306,1277,2103,203
8201,4655,7578,623
6694,3675,6105,589
62391,33483,56343,6048
25018,13595,22772,2246
11252,6147,10249,1003
9481,5192,8668,813
9297,5130,8481,816
5100,2831,4659,441
19320,10367,17437,1883
4232,2346,3864,368
22307,12246,20346,1961
5170,2887,4733,437
13040,7214,11927,1113
4619,2540,4210,409
4851,2691,4435,416
7267,3998,6621,646
4162,2240,3759,403
8161,4570,7488,673
3807,2120,3490,317
12249,6704,11158,1091
2539,1400,2321,218
21696,11811,19750,1946
37244,20389,33986,3258
8763,4851,8019,744
6025,3224,5448,577
3540,1963,3239,301
16349,8927,14943,1406
4008,2235,3672,336
10029,5549,9182,847
5036,2777,4590,446
6735,3747,6168,567
6403,3469,5810,593
5678,3096,5162,516
3826,2108,3495,331
7878,4360,7199,679
2494,1395,2291,203
4030,2256,3697,333
18877,10346,17230,1647
2439,1337,2218,221
2847,1547,2591,256
3156,1726,2870,286
5036,2790,4604,432
5579,3023,5063,516
4805,2651,4380,425
3228,1763,2937,291
11992,6550,10966,1026
4044,2213,3688,356
12032,6598,10954,1078
3821,2052,3451,370
4161,2315,3812,349
4630,2495,4187,443
4609,2583,4236,373
6248,3468,5721,527
6312,3489,5757,555
6173,3377,5604,569
1759,969,1610,149
4086,2236,3709,377
2570,1424,2345,225
2559,1430,2344,215
7384,4078,6763,621
3263,1804,2981,282
3864,2123,3523,341
51316,27710,46817,4499
5489,2952,4990,499
12165,6725,11086,1079
16810,9223,15316,1494
6246,3409,5681,565
4914,2750,4519,395
5126,2850,4688,438
8518,4642,7789,729
4972,2787,4561,411
5238,2860,4762,476
8284,4542,7560,724
5551,3093,5088,463
8899,4903,8142,757
2370,1319,2172,198
2982,1640,2727,255
9747,5335,8864,883
7276,4015,6645,631
5689,3155,5202,487
12187,6732,11129,1058
3346,1840,3057,289
5276,2933,4837,439
3511,1954,3224,287
3338,1860,3059,279
7118,3923,6504,614
2572,1416,2341,231
8642,4728,7875,767
9547,5181,8646,901
11677,6466,10678,999
6529,3597,5946,583
4583,2538,4188,395
5925,3297,5408,517
15920,8632,14438,1482
6396,3454,5797,599
8085,4488,7397,688
2366,1334,2179,187
4017,2187,3646,371
1744,981,1613,131
4331,2379,3951,380
8235,4559,7520,715
13637,7474,12447,1190
7422,4115,6792,630
79348,43484,72297,7051
4782,2627,4357,425
18265,10013,16650,1615
19826,10949,18088,1738
11434,6207,10401,1033
2482,1403,2296,186
10032,5480,9130,902
6561,3681,6028,533
7270,3982,6619,651
1946,1070,1775,171
9618,5434,8870,748
4120,2268,3758,362
19319,10573,17658,1661
9694,5345,8846,848
9661,5238,8759,902
6280,3414,5711,569
6458,3497,5862,596
4389,2395,3993,396
6533,3572,5930,603
5258,2906,4806,452
5165,2858,4718,447
3671,2014,3351,320
9578,5239,8711,867
8252,4547,7526,726
16686,9212,15246,1440
1490,826,1372,118
2168,1204,1992,176
4961,2760,4550,411
2895,1632,2668,227
3693,2003,3356,337
4784,2620,4347,437
5269,2909,4814,455
18760,10270,17103,1657
4155,2278,3788,367
5943,3221,5389,554
2500,1407,2299,201
5745,3160,5244,501
8208,4541,7505,703
8453,4572,7655,798
19014,10400,17321,1693
16289,8900,14857,1432
7049,3882,6424,625
4480,2451,4069,411
6463,3537,5889,574
5955,3268,5423,532
4856,2722,4460,396
1287,700,1172,115
8357,4620,7682,675
10957,5956,9976,981
6636,3644,6047,589
23146,12477,21039,2107
6075,3357,5547,528
2717,1477,2475,242
4482,2473,4097,385
8321,4671,7624,697
6065,3316,5512,553
15171,8396,13861,1310
6379,3522,5854,525
4896,2703,4463,433
6793,3745,6225,568
14007,7598,12702,1305
2002,1129,1839,163
2639,1442,2397,242
2050,1114,1857,193
2798,1537,2547,251
6442,3492,5850,592
5947,3258,5414,533
20979,11668,19232,1747
10990,6008,10004,986
5406,2982,4945,461
4908,2641,4428,480
11009,6124,10080,929
2724,1525,2509,215
6419,3530,5849,570
11137,6087,10170,967
6205,3471,5693,512
11328,6307,10387,941
2346,1276,2128,218
2590,1410,2361,229
5601,3049,5089,512
1279,708,1172,107
3234,1802,2974,260
8503,4602,7711,792
6103,3382,5589,514
3747,2072,3430,317
5750,3189,5252,498
4798,2643,4385,413
17941,9906,16423,1518
1163,616,1052,111
2447,1381,2260,187
5810,3236,5327,483
6098,3339,5566,532
2478,1363,2262,216
2210,1260,2043,167
7226,3971,6583,643
1973,1097,1819,154
7354,4041,6710,644
3890,2138,3538,352
9220,4973,8382,838
2420,1332,2201,219
4173,2296,3806,367
3726,2060,3409,317
8826,4897,8089,737
12654,6957,11520,1134
3747,2071,3423,324
4694,2628,4307,387
7821,4337,7163,658
15565,8565,14194,1371
14534,7932,13247,1287
5319,2918,4841,478
8432,4641,7707,725
5625,3071,5107,518
10348,5640,9407,941
7338,4042,6685,653
4725,2656,4350,375
6974,3836,6371,603
3075,1724,2818,257
9321,5089,8506,815
13221,7294,12060,1161
4796,2626,4367,429
1213,689,1122,91
4151,2334,3807,344
2940,1587,2651,289
7377,4074,6764,613
2271,1238,2065,206
13515,7276,12280,1235
3451,1891,3133,318
5930,3240,5380,550
4363,2428,3990,373
11151,6020,10155,996
5486,2994,4967,519
5396,3031,4965,431
18430,10004,16716,1714
5874,3255,5364,510
2862,1565,2605,257
2341,1265,2120,221
7590,4113,6910,680
4623,2588,4250,373
6803,3694,6201,602
1774,924,1586,188
9924,5422,9019,905
7388,4080,6767,621
3880,2116,3516,364
5681,3026,5112,569
3323,1813,3026,297
7485,4161,6848,637
43760,24389,40180,3580
5510,3008,5022,488
2168,1175,1959,209
4928,2765,4536,392
6825,3714,6185,640
7540,4110,6853,687
12777,6906,11579,1198
10705,5927,9774,931
13918,7602,12677,1241
5631,3096,5137,494
3926,2164,3590,336
2177,1222,1995,182
14225,7801,12991,1234
4267,2335,3872,395
4144,2238,3750,394
3918,2154,3578,340
1846,1030,1701,145
2778,1533,2541,237
3029,1683,2775,254
3835,2107,3491,344
3050,1660,2773,277
7675,4145,6975,700
1870,1020,1700,170
4345,2340,3931,414
15578,8487,14192,1386
2304,1267,2098,206
1791,1008,1654,137
2487,1366,2266,221
4742,2611,4325,417
4531,2468,4117,414
16176,8852,14767,1409
5562,3086,5095,467
6256,3443,5706,550
2854,1607,2633,221
3664,2017,3340,324
3813,2099,3478,335
7157,3884,6488,669
4591,2545,4193,398
2409,1340,2205,204
10287,5580,9318,969
21224,11564,19322,1902
8536,4684,7800,736
5211,2824,4720,491
6433,3552,5883,550
2788,1540,2543,245
3757,2049,3444,313
5139,2818,4677,462
4872,2636,4415,457
10232,5571,9306,926
11687,6358,10613,1074
6563,3611,5987,576
7188,4001,6583,605
10392,5713,9474,918
8530,4672,7774,756
3780,2041,3425,355
6743,3745,6179,564
2089,1151,1906,183
12515,6974,11502,1013
2434,1354,2233,201
3576,1938,3233,343
9801,5367,8938,863
2628,1442,2398,230
15443,8524,14151,1292
1541,812,1378,163
5931,3238,5422,509
2497,1364,2272,225
4473,2463,4076,397
23520,12861,21383,2137
9095,5060,8331,764
2963,1634,2707,256
12983,6967,11724,1259
11564,6306,10504,1060
10932,6013,9982,950
6188,3367,5616,572
7234,3927,6566,668
3838,2103,3493,345
4528,2478,4119,409
6044,3313,5508,536
10513,5775,9596,917
9171,5022,8373,798
5336,2982,4892,444
2195,1215,2003,192
7180,3908,6521,659
7521,4162,6884,637
4037,2262,3699,338
8964,4866,8127,837
23701,13046,21712,1989
5604,3091,5124,480
2276,1248,2071,205
730,403,664,66
6026,3342,5508,518
27573,15168,25244,2329
6796,3765,6209,587
9106,4970,8304,802
5719,3112,5199,520
10834,5881,9890,944
818,449,744,74
6331,3521,5798,533
9878,5545,9093,785
8070,4390,7348,722
2042,1138,1877,165
5035,2716,4569,466
4737,2585,4300,437
6712,3637,6081,631
12062,6551,10921,1141
3685,2007,3344,341
7399,4121,6784,615
11736,6353,10623,1113
7082,3847,6426,656
2641,1455,2402,239
13075,7140,11907,1168
5807,3215,5312,495
3978,2159,3608,370
8780,4742,7949,831
6608,3639,6041,567
8782,4731,7982,800
3428,1869,3124,304
6767,3708,6158,609
6120,3344,5562,558
3775,2080,3448,327
14602,8059,13327,1275
7643,4210,6974,669
12113,6649,11045,1068
8083,4445,7364,719
6210,3417,5653,557
7106,3943,6508,598
7741,4308,7086,655
2583,1416,2343,240
18680,10459,17148,1532
11291,6252,10318,973
7861,4250,7127,734
9130,4972,8298,832
4591,2562,4211,380
9916,5426,9067,849
7225,3973,6594,631
6093,3336,5547,546
19417,10582,17627,1790
2745,1508,2501,244
8215,4442,7444,771
7125,3865,6470,655
1643,897,1495,148
13196,7324,12097,1099
4414,2432,4019,395
7365,4034,6705,660
39209,21420,35727,3482
2285,1207,2064,221
8303,4594,7596,707
10859,5818,9797,1062
10644,5786,9666,978
3440,1882,3132,308
7698,4205,6984,714
17685,9741,16148,1537
1148,627,1050,98
5825,3219,5317,508
4588,2510,4169,419
6879,3747,6248,631
5589,3112,5122,467
5900,3245,5378,522
6981,3897,6399,582
2447,1347,2244,203
4116,2262,3753,363
9574,5288,8781,793
5101,2841,4675,426
79365,43512,72382,6983
8925,4940,8164,761
2271,1276,2094,177
4814,2654,4398,416
7012,3849,6363,649
13880,7652,12693,1187
8912,4991,8174,738
7346,4078,6712,634
3632,1972,3291,341
4711,2640,4329,382
3304,1803,3010,294
6363,3473,5788,575
6979,3751,6347,632
4518,2518,4142,376
11057,6084,10081,976
3739,2054,3413,326
14106,7620,12773,1333
1643,921,1506,137
8782,4720,7921,861
11343,6162,10311,1032
14162,7942,13020,1142
5724,3198,5256,468
5629,3081,5123,506
10008,5470,9135,873
11515,6303,10471,1044
4225,2308,3842,383
4242,2364,3883,359
3311,1804,3030,281
5954,3248,5413,541
3145,1697,2847,298
4528,2518,4154,374
12800,6927,11606,1194
15055,8246,13737,1318
9534,5189,8673,861
3158,1740,2876,282
3841,2092,3481,360
7043,3904,6432,611
2004,1112,1835,169
13944,7646,12721,1223
4043,2228,3682,361
6337,3438,5770,567
6408,3459,5796,612
9600,5176,8676,924
8162,4607,7492,670
13777,7610,12604,1173
1639,890,1485,154
7713,4316,7091,622
629,356,576,53
2023,1114,1845,178
2615,1451,2390,225
4474,2525,4124,350
16156,8834,14723,1433
8530,4663,7764,766
4724,2611,4313,411
3973,2174,3615,358
5262,2880,4787,475
8939,4734,8001,938
6877,3805,6291,586
9462,5198,8634,828
4237,2300,3855,382
5841,3158,5310,531
5973,3271,5445,528
3203,1801,2945,258
8378,4593,7625,753
4420,2421,4030,390
4123,2257,3758,365
8523,4741,7815,708
3112,1709,2844,268
1869,1030,1706,163
9964,5450,9087,877
3718,2014,3367,351
4008,2203,3662,346
4020,2247,3694,326
5626,3129,5152,474
1845,1028,1692,153
10364,5741,9482,882
12345,6857,11289,1056
8970,4876,8154,816
9957,5594,9167,790
2553,1415,2333,220
7895,4357,7199,696
3268,1796,2985,283
2937,1617,2680,257
5278,2951,4842,436
2966,1630,2706,260
4066,2264,3734,332
12535,7042,11504,1031
9674,5376,8869,805
2527,1418,2326,201
6943,3805,6353,590
12526,6831,11402,1124
11576,6336,10526,1050
12875,7052,11736,1139
3326,1777,2989,337
4375,2390,3997,378
6054,3338,5514,540
1494,842,1375,119
5035,2833,4624,411
6431,3504,5880,551
6299,3425,5721,578
3068,1643,2768,300
7025,3909,6437,588
4367,2420,3989,378
5725,3104,5201,524
5423,3012,4969,454
49151,26817,44550,4601
3652,1979,3308,344
12966,7099,11797,1169
7050,3872,6430,620
1509,830,1379,130
2771,1508,2520,251
7293,4076,6684,609
3400,1829,3080,320
9927,5480,9054,873
3188,1785,2931,257
4353,2406,3976,377
3809,2123,3497,312
2846,1576,2598,248
16153,8964,14795,1358
1250,702,1154,96
5508,3063,5053,455
5566,3127,5125,441
4720,2579,4289,431
3408,1901,3121,287
2373,1336,2183,190
2716,1493,2484,232
3749,2078,3433,316
17832,9725,16222,1610
8662,4753,7927,735
5786,3168,5310,476
4831,2645,4384,447
2872,1596,2628,244
5197,2907,4776,421
6512,3508,5879,633
2742,1512,2504,238
8211,4426,7412,799
8002,4318,7239,763
8731,4735,7899,832
15538,8454,14124,1414
8043,4422,7334,709
79651,43836,72682,6969
9927,5523,9106,821
4442,2463,4058,384
6341,3505,5796,545
5010,2785,4580,430
4870,2714,4471,399
8230,4502,7493,737
6687,3661,6093,594
11678,6421,10648,1030
3928,2141,3573,355
7283,4030,6657,626
4224,2292,3827,397
6965,3845,6355,610
6113,3365,5576,537
8058,4536,7420,638
3394,1851,3091,303
3508,1934,3208,300
3487,1924,3184,303
3948,2150,3594,354
4949,2702,4500,449
6194,3384,5647,547
5450,3042,4998,452
5399,2978,4926,473
6181,3409,5638,543
8858,4923,8112,746
17115,9395,15593,1522
3523,1933,3207,316
6565,3628,6008,557
7309,4091,6708,601
6049,3262,5488,561
21258,11649,19441,1817
9257,5106,8421,836
4942,2729,4512,430
6571,3652,6019,552
5451,3048,5014,437
2763,1538,2529,234
42735,23359,39113,3622
6601,3644,6029,572
4793,2600,4345,448
3966,2164,3608,358
3416,1916,3135,281
2902,1633,2675,227
5282,2908,4818,464
1178,684,1093,85
3210,1679,2905,305
2287,1267,2092,195
2971,1630,2713,258
8057,4439,7368,689
3694,2060,3397,297
6342,3470,5769,573
1585,870,1456,129
2322,1244,2098,224
7656,4192,6959,697
11329,6181,10327,1002
13049,7077,11819,1230
2444,1379,2255,189
3050,1692,2795,255
8659,4710,7857,802
9480,5246,8665,815
3632,2025,3324,308
2797,1528,2550,247
10971,6057,10022,949
6128,3270,5541,587
4815,2674,4412,403
2424,1353,2230,194
2765,1523,2527,238
6874,3684,6201,673
4720,2638,4335,385
3515,1931,3198,317
2778,1540,2532,246
4768,2639,4366,402
4806,2580,4326,480
5452,2965,4985,467
4504,2486,4127,377
2607,1455,2390,217
10165,5515,9178,987
9152,5020,8326,826
6903,3782,6278,625
7178,3910,6542,636
3118,1720,2854,264
2068,1153,1894,174
10265,5671,9401,864
5598,3067,5091,507
12330,6756,11244,1086
2573,1426,2354,219
3146,1754,2885,261
5711,3203,5249,462
5721,3084,5182,539
5983,3314,5460,523
8092,4434,7382,710
2405,1291,2182,223
1797,989,1641,156
6785,3739,6188,597
8959,4951,8199,760
6083,3281,5516,567
10376,5662,9442,934
2872,1589,2619,253
13892,7549,12627,1265
5892,3223,5367,525
11651,6437,10704,947
3603,1981,3288,315
11630,6319,10552,1078
8321,4683,7627,694
46717,25758,42693,4024
2467,1356,2261,206
9119,4984,8284,835
655,368,600,55
32397,17807,29507,2890
6788,3790,6225,563
7404,4009,6699,705
6001,3324,5485,516
2741,1503,2494,247
7145,3902,6501,644
11290,6219,10312,978
11751,6479,10742,1009
4185,2291,3809,376
1451,811,1329,122
3941,2138,3568,373
3648,2028,3340,308
12758,7056,11647,1111
4976,2766,4558,418
4216,2314,3847,369
2166,1216,1996,170
9381,5128,8537,844
4433,2418,4044,389
2152,1218,1988,164
5396,2930,4905,491
7456,4111,6840,616
3844,2137,3521,323
4685,2625,4307,378
6955,3882,6372,583
8591,4717,7830,761
2539,1399,2322,217
6132,3380,5586,546
7031,3928,6446,585
13994,7740,12787,1207
4769,2657,4371,398
7426,4060,6762,664
7692,4256,7032,660
4233,2322,3862,371
3740,2100,3441,299
10388,5636,9423,965
8580,4713,7827,753
4834,2694,4444,390
7495,4153,6860,635
5521,3029,5039,482
4401,2475,4048,353
16238,8771,14687,1551
5743,3121,5203,540
13536,7392,12308,1228
3418,1872,3107,311
4085,2247,3721,364
5795,3206,5299,496
1846,992,1687,159
5613,3041,5088,525
2444,1343,2226,218
3682,2041,3369,313
7889,4343,7204,685
6746,3684,6138,608
3234,1753,2951,283
2401,1343,2206,195
5837,3148,5283,554
4991,2768,4564,427
2848,1555,2591,257
7743,4178,7058,685
10214,5573,9289,925
5303,2805,4754,549
2784,1529,2542,242
4099,2240,3730,369
44019,24536,40420,3599
11374,6236,10343,1031
5467,3026,5002,465
20185,11038,18403,1782
6511,3593,5938,573
4403,2434,4036,367
7503,4136,6854,649
6877,3814,6284,593
4831,2715,4445,386
7925,4295,7190,735
2157,1185,1964,193
3035,1705,2789,246
8676,4759,7900,776
14725,7964,13332,1393
6995,3848,6375,620
6915,3796,6301,614
5809,3192,5294,515
3130,1705,2848,282
11899,6610,10888,1011
8606,4774,7881,725
6991,3838,6376,615
12949,7205,11852,1097
5836,3244,5339,497
21567,11848,19653,1914
4415,2414,4026,389
4391,2461,4024,367
2536,1394,2316,220
4425,2413,4029,396
45454,24987,41553,3901
2815,1550,2565,250
10815,6021,9944,871
5561,3080,5077,484
6486,3581,5936,550
7203,3922,6546,657
6787,3758,6199,588
6515,3654,5989,526
6192,3362,5611,581
6107,3379,5584,523
6519,3583,5964,555
6690,3673,6104,586
39425,21518,35892,3533
748,426,690,58
2672,1481,2444,228
1764,964,1603,161
8144,4426,7406,738
2730,1498,2484,246
5066,2779,4618,448
8647,4722,7900,747
12272,6686,11170,1102
2430,1367,2237,193
1494,808,1348,146
6648,3722,6105,543
4604,2523,4188,416
3417,1884,3117,300
5375,2927,4892,483
4692,2550,4259,433
3909,2173,3580,329
4074,2269,3737,337
6098,3327,5556,542
11309,6166,10277,1032
4568,2534,4180,388
2801,1528,2543,258
3669,2011,3340,329
4424,2477,4064,360
9730,5389,8887,843
10341,5690,9435,906
6126,3352,5574,552
6678,3705,6119,559
2408,1327,2191,217
3069,1669,2782,287
16465,8924,14956,1509
3535,1922,3207,328
2525,1394,2302,223
2551,1411,2332,219
4098,2223,3717,381
12570,6817,11435,1135
7514,4131,6846,668
3749,2009,3387,362
13109,7130,11919,1190
6672,3670,6085,587
2522,1404,2320,202
4326,2318,3901,425
12812,6936,11619,1193
10551,5875,9639,912
7282,3987,6632,650
8018,4403,7294,724
13755,7508,12502,1253
7165,3915,6511,654
6144,3370,5600,544
2330,1293,2124,206
4838,2658,4419,419
7180,3905,6529,651
1835,1026,1687,148
3634,2026,3341,293
1670,905,1512,158
11395,6223,10349,1046
9213,5066,8392,821
9841,5366,8943,898
4407,2425,4010,397
5791,3174,5282,509
22704,12420,20719,1985
5588,3088,5116,472
3328,1823,3033,295
4665,2600,4263,402
4706,2570,4277,429
8227,4498,7486,741
8645,4690,7866,779
5266,2895,4808,458
4754,2617,4329,425
5506,3047,5032,474
5455,2988,4966,489
6869,3829,6295,574
8265,4571,7576,689
2270,1277,2096,174
10397,5803,9527,870
4947,2699,4497,450
8527,4735,7805,722
5596,3033,5069,527
6005,3337,5503,502
2219,1257,2046,173
9964,5406,9022,942
2460,1356,2244,216
5735,3150,5238,497
3501,1920,3203,298
18342,10150,16798,1544
13466,7483,12348,1118
79353,43486,72301,7052
1384,770,1270,114
10765,5882,9775,990
5849,3219,5329,520
4176,2293,3805,371
5007,2765,4589,418
9296,5246,8563,733
3549,1946,3237,312
5185,2837,4725,460
8993,4908,8175,818
5303,2870,4807,496
9227,5073,8455,772
2450,1380,2255,195
6619,3615,6039,580
5571,3107,5107,464
2781,1495,2514,267
13202,7300,12080,1122
6094,3354,5551,543
8026,4496,7372,654
9193,5053,8385,808
4999,2736,4557,442
8655,4665,7825,830
6598,3723,6085,513
5869,3280,5387,482
9234,5032,8395,839
3888,2097,3533,355
121428,66232,110388,11040
18153,10049,16640,1513
5916,3313,5436,480
6353,3509,5809,544
9539,5271,8727,812
12996,7213,11899,1097
6525,3570,5924,601
8422,4477,7553,869
12625,7030,11553,1072
8923,4939,8149,774
1314,733,1205,109
4080,2255,3725,355
8322,4567,7632,690
17137,9370,15597,1540
8415,4637,7679,736
7516,4128,6834,682
4786,2667,4379,407
7581,4096,6868,713
1258,691,1150,108
6095,3322,5547,548
4749,2663,4358,391
4609,2473,4152,457
16676,9074,15196,1480
22867,12560,20857,2010
2587,1432,2359,228
6619,3601,6020,599
6348,3468,5766,582
9744,5334,8900,844
3884,2114,3521,363
5942,3299,5435,507
4539,2472,4130,409
5529,3047,5057,472
11378,6187,10372,1006
10492,5711,9567,925
4786,2594,4344,442
4353,2397,3970,383
6333,3469,5809,524
9951,5432,9045,906
5377,2959,4905,472
22254,12136,20238,2016
7438,4139,6808,630
2428,1320,2207,221
2630,1476,2418,212
8087,4444,7391,696
6036,3309,5500,536
7538,4152,6883,655
6957,3859,6368,589
2289,1246,2077,212
3566,1968,3254,312
3410,1886,3115,295
4633,2538,4218,415
4172,2359,3834,338
17010,9246,15477,1533
7284,3958,6639,645
3750,2070,3424,326
4645,2615,4272,373
1895,1031,1727,168
19207,10559,17570,1637
7596,4159,6917,679
16045,8807,14652,1393
4903,2705,4478,425
4365,2420,3988,377
3138,1718,2861,277
6623,3607,6032,591
9468,5145,8601,867
40506,22393,37208,3298
2906,1578,2636,270
6085,3389,5571,514
6440,3488,5846,594
5055,2779,4610,445
7387,3972,6666,721
4494,2491,4118,376
5688,3174,5212,476
3088,1690,2812,276
5845,3209,5337,508
4691,2548,4259,432
9118,5004,8320,798
5799,3176,5270,529
4319,2378,3932,387
5757,3175,5262,495
2951,1618,2674,277
2750,1517,2512,238
11288,6118,10261,1027
4423,2415,4011,412
7100,3881,6450,650
3479,1911,3168,311
6427,3577,5900,527
2248,1230,2049,199
4916,2705,4485,431
5600,3105,5130,470
7393,4056,6730,663
5183,2886,4756,427
9569,5174,8662,907
8716,4816,7962,754
11241,6044,10213,1028
5168,2822,4696,472
2549,1390,2321,228
4709,2593,4298,411
10492,5782,9584,908
11012,5967,10004,1008
8977,4898,8164,813
8663,4715,7870,793
20734,11374,18951,1783
4423,2425,4021,402
10315,5667,9385,930
5617,3120,5143,474
6651,3661,6067,584
61555,33962,56292,5263
7692,4153,6974,718
5389,2972,4922,467
5607,3088,5105,502
2436,1363,2240,196
4096,2260,3734,362
30537,16770,27845,2692
3878,2196,3577,301
15387,8515,14060,1327
4171,2295,3797,374
2304,1310,2132,172
17472,9522,15897,1575
4336,2413,3975,361
6908,3808,6320,588
2538,1391,2308,230
5318,2997,4892,426
6969,3773,6305,664
8684,4742,7898,786
4321,2401,3955,366
4145,2266,3770,375
1605,869,1465,140
7547,4124,6866,681
5835,3181,5304,531
9190,5051,8365,825
4806,2692,4413,393
7857,4314,7145,712
5651,3088,5147,504
6867,3796,6278,589
2084,1161,1913,171
15052,8175,13643,1409
3059,1644,2763,296
7842,4302,7139,703
5967,3264,5432,535
7214,3986,6577,637
5765,3204,5278,487
6864,3725,6240,624
11251,6193,10278,973
5803,3192,5293,510
7690,4246,7012,678
5078,2781,4614,464
5950,3236,5407,543
11196,6086,10136,1060
9341,5146,8512,829
6826,3732,6181,645
3386,1841,3082,304
2715,1513,2496,219
9310,5096,8502,808
5483,2983,4990,493
11727,6465,10689,1038
5153,2819,4697,456
2221,1211,2025,196
9085,5028,8316,769
9962,5398,9037,925
7116,3895,6487,629
14246,7900,13044,1202
3048,1724,2806,242
9646,5280,8764,882
6325,3462,5754,571
41085,22551,37477,3608
4568,2521,4178,390
9510,5153,8615,895
2231,1210,2028,203
12388,6856,11325,1063
5170,2803,4687,483
6353,3511,5809,544
3128,1728,2858,270
5989,3297,5474,515
3418,1862,3090,328
3332,1833,3039,293
3703,2030,3378,325
9486,5184,8641,845
25463,13983,23194,2269
3675,1986,3332,343
4882,2728,4478,404
53795,29689,49107,4688
9568,5162,8648,920
7121,3934,6503,618
3984,2180,3631,353
3451,1870,3125,326
5093,2768,4628,465
14266,7759,13000,1266
2935,1641,2694,241
8102,4489,7409,693
7726,4272,7067,659
5212,2893,4767,445
3064,1716,2811,253
10767,5889,9801,966
2003,1063,1816,187
5484,3011,4998,486
15595,8535,14197,1398
3873,2103,3519,354
6376,3483,5808,568
3206,1743,2906,300
8711,4795,7936,775
2339,1292,2137,202
2681,1465,2434,247
7904,4452,7257,647
2534,1425,2334,200
16301,8891,14782,1519
6024,3316,5493,531
9658,5258,8777,881
12389,6623,11263,1126
26489,14551,24185,2304
8455,4765,7788,667
8097,4397,7365,732
3565,1942,3239,326
6090,3328,5527,563
9263,5056,8433,830
2897,1558,2612,285
2389,1314,2176,213
10615,5862,9696,919
11906,6522,10853,1053
15229,8410,13908,1321
6124,3376,5604,520
8913,4932,8151,762
8418,4532,7650,768
5527,3047,5040,487
6014,3306,5486,528
25101,13770,22985,2116
8290,4542,7558,732
2806,1563,2575,231
8815,4804,8006,809
128673,70311,117172,11501
12577,6922,11497,1080
15528,8487,14118,1410
6078,3362,5556,522
9740,5305,8841,899
2890,1587,2631,259
2899,1608,2651,248
2850,1559,2587,263
10925,6068,10021,904
1266,697,1161,105
3302,1833,3021,281
10629,5839,9738,891
4406,2465,4042,364
15985,8739,14583,1402
5252,2922,4810,442
6437,3555,5888,549
959,532,882,77
9979,5396,9049,930
13913,7629,12678,1235
2809,1579,2590,219
13397,7343,12230,1167
10146,5578,9245,901
4510,2518,4134,376
5578,3094,5107,471
7644,4213,6980,664
4464,2434,4049,415
6135,3389,5601,534
2654,1415,2403,251
6723,3742,6153,570
2677,1497,2459,218
6443,3565,5895,548
3396,1857,3092,304
2947,1612,2679,268
9405,5093,8524,881
5632,3093,5138,494
6407,3513,5854,553
7223,3991,6591,632
9018,4959,8215,803
7847,4330,7182,665
6876,3802,6299,577
6179,3442,5655,524
6330,3432,5742,588
9023,4872,8173,850
10543,5828,9673,870
2573,1443,2361,212
6173,3382,5629,544
3770,2113,3460,310
8668,4851,7953,715
7197,3931,6542,655
3478,1921,3174,304
6840,3775,6238,602
4100,2304,3770,330
5203,2852,4745,458
12109,6685,11046,1063
4060,2235,3706,354
3674,2045,3364,310
30697,16794,28004,2693
2036,1132,1861,175
10085,5434,9130,955
3103,1714,2830,273
4832,2595,4358,474
16310,8834,14784,1526
30188,16234,27285,2903
4561,2504,4156,405
7557,4118,6888,669
5206,2878,4751,455
6686,3747,6130,556
3387,1893,3118,269
5041,2815,4622,419
5714,3191,5246,468
13458,7298,12257,1201
7042,3866,6421,621
4545,2500,4138,407
11052,6001,10008,1044
5858,3267,5368,490
7309,3985,6630,679
3481,1908,3173,308
8158,4506,7465,693
1683,926,1539,144
3238,1780,2956,282
3604,1976,3288,316
5562,3064,5072,490
3712,2089,3410,302
7403,4038,6710,693
5969,3266,5428,541
10165,5680,9337,828
1564,833,1410,154
5962,3265,5422,540
3486,1926,3191,295
2146,1175,1961,185
11916,6618,10921,995
6436,3477,5820,616
4298,2428,3956,342
3428,1921,3155,273
5989,3292,5467,522
8353,4597,7607,746
5542,3074,5068,474
2811,1584,2590,221
5159,2851,4719,440
4070,2258,3729,341
2382,1298,2163,219
79352,43486,72300,7052
2235,1260,2062,173
17003,9215,15414,1589
825,471,766,59
6586,3624,5998,588
6891,3794,6288,603
5022,2741,4576,446
6678,3694,6101,577
12277,6640,11102,1175
1084,568,974,110
16073,8808,14641,1432
5745,3130,5228,517
4615,2591,4245,370
5780,3194,5268,512
11509,6305,10467,1042
45264,24782,41189,4075
7730,4171,7003,727
2479,1358,2258,221
10911,6020,9970,941
3572,1965,3258,314
5010,2777,4597,413
6918,3763,6274,644
11759,6397,10663,1096
4752,2522,4287,465
3873,2109,3521,352
7572,4158,6893,679
15565,8456,14142,1423
5460,2992,4967,493
10104,5539,9196,908
13333,7108,12078,1255
2692,1503,2477,215
5976,3269,5440,536
9465,5169,8598,867
11040,6105,10105,935
19174,10507,17505,1669
2372,1360,2197,175
7274,4016,6634,640
10819,5993,9901,918
7224,4005,6604,620
8692,4765,7928,764
2946,1632,2693,253
8596,4752,7851,745
5528,3071,5054,474
5350,2985,4900,450
3653,2011,3334,319
6399,3553,5862,537
20150,11011,18319,1831
8147,4509,7465,682
5872,3212,5339,533
8254,4609,7580,674
7898,4286,7169,729
8885,4905,8127,758
17331,9503,15794,1537
15632,8400,14218,1414
4885,2671,4442,443
11123,5973,10099,1024
8808,4877,8039,769
12304,6693,11197,1107
5061,2762,4610,451
6568,3610,5988,580
9322,5095,8479,843
3676,1977,3340,336
6106,3342,5558,548
4410,2413,4008,402
12081,6614,11023,1058
4548,2492,4140,408
6574,3608,5988,586
20969,11170,18983,1986
8804,4861,8093,711
5472,3012,4982,490
6240,3445,5697,543
3775,2052,3422,353
3794,2111,3474,320
3700,2006,3355,345
2387,1310,2177,210
5235,2834,4742,493
1821,1031,1684,137
7326,4053,6704,622
4759,2650,4370,389
3842,2171,3540,302
3919,2147,3568,351
6487,3568,5915,572
2626,1436,2387,239
9606,5323,8785,821
5558,3047,5064,494
5916,3247,5378,538
10633,5839,9683,950
12920,7109,11768,1152
18354,10079,16740,1614
8383,4516,7615,768
5673,3115,5181,492
11770,6405,10701,1069
9009,4920,8191,818
2856,1561,2602,254
11001,6012,10013,988
2391,1335,2190,201
2431,1318,2206,225
8754,4807,8031,723
4428,2440,4040,388
16731,9170,15263,1468
4487,2406,4044,443
5630,3103,5132,498
8655,4760,7896,759
5484,2966,4972,512
17687,9700,16143,1544
6071,3316,5512,559
11286,6159,10287,999
5968,3222,5397,571
7207,3903,6567,640
11849,6499,10837,1012
5172,2810,4695,477
19251,10569,17545,1706
3466,1891,3145,321
3450,1893,3148,302
32533,17732,29649,2884
5953,3244,5396,557
1153,648,1058,95
5711,3107,5179,532
10423,5613,9419,1004
12609,6992,11523,1086
5452,3011,4987,465
2204,1232,2026,178
5986,3283,5468,518
7818,4296,7127,691
2291,1278,2105,186
5259,2890,4792,467
1878,1046,1723,155
11176,6074,10142,1034
11284,6290,10381,903
27971,15445,25534,2437
1932,1073,1769,163
21555,11801,19694,1861
5535,3016,5021,514
39173,21391,35828,3345
10134,5543,9213,921
21419,11674,19561,1858
12333,6658,11139,1194
2428,1339,2224,204
2503,1410,2304,199
8369,4705,7695,674
5722,3152,5224,498
13497,7421,12317,1180
7853,4311,7165,688
4965,2777,4565,400
3119,1704,2841,278
3438,1863,3124,314
5750,3205,5265,485
4163,2330,3812,351
4927,2762,4522,405
3388,1883,3100,288
5805,3203,5298,507
5877,3219,5359,518
15815,8662,14388,1427
7172,3974,6565,607
6150,3378,5593,557
14292,7781,12975,1317
13203,7251,12035,1168
9728,5260,8824,904
5002,2732,4554,448
11386,6154,10339,1047
2546,1431,2345,201
7825,4256,7143,682
11921,6529,10877,1044
13252,7318,12099,1153
7536,4173,6917,619
6498,3588,5942,556
15616,8600,14249,1367
40274,22184,36747,3527
7057,3942,6475,582
5845,3224,5337,508
4270,2380,3897,373
13574,7461,12386,1188
25155,13781,23112,2043
8789,4808,8015,774
5924,3302,5439,485
2323,1272,2116,207
2490,1367,2268,222
7710,4251,7029,681
2654,1481,2440,214
5416,2958,4945,471
7062,3883,6439,623
15745,8650,14368,1377
9653,5380,8809,844
5566,3098,5108,458
5626,3121,5145,481
6444,3595,5892,552
12225,6761,11191,1034
16956,9315,15477,1479
9276,5039,8404,872
7269,3975,6616,653
3176,1744,2892,284
3576,2024,3291,285
3455,1912,3149,306
5676,3135,5178,498
2603,1433,2369,234
2307,1217,2087,220
10517,5775,9615,902
11659,6359,10651,1008
4462,2428,4043,419
6988,3859,6393,595
9922,5439,9080,842
6911,3808,6309,602
5379,2920,4876,503
6237,3400,5665,572
2034,1113,1855,179
4040,2221,3689,351
5726,3159,5232,494
7143,3968,6545,598
8136,4457,7394,742
6025,3326,5526,499
12617,6960,11506,1111
4081,2251,3726,355
3467,1939,3156,311
4751,2640,4364,387
10032,5449,9151,881
3467,1871,3136,331
5742,3167,5249,493
3310,1806,3010,300
13121,7189,12003,1118
2179,1209,1998,181
6165,3393,5628,537
3799,2019,3429,370
4422,2369,3990,432
4182,2310,3823,359
6632,3630,6040,592
20709,11449,18915,1794
5916,3275,5409,507
3507,1958,3222,285
3146,1737,2871,275
6082,3325,5524,558
14860,8126,13574,1286
3873,2133,3547,326
4895,2723,4493,402
6974,3845,6368,606
8542,4712,7800,742
5992,3335,5494,498
1988,1077,1805,183
9229,5079,8418,811
2831,1546,2574,257
61578,33969,56312,5266
2825,1537,2560,265
14632,7961,13280,1352
6513,3534,5914,599
3410,1858,3109,301
8843,4782,7994,849
5066,2758,4602,464
8008,4354,7259,749
7984,4330,7219,765
8527,4691,7775,752
5794,3201,5288,506
5717,3134,5205,512
2365,1290,2161,204
8038,4445,7345,693
10010,5480,9111,899
5660,3082,5142,518
3280,1768,2986,294
10395,5669,9460,935
6510,3623,5948,562
8385,4517,7617,768
3314,1803,3019,295
3001,1634,2731,270
10202,5586,9319,883
2657,1472,2434,223
5269,2871,4789,480
8002,4374,7277,725
2553,1420,2340,213
7527,4137,6857,670
4833,2652,4404,429
8549,4649,7779,770
4791,2622,4344,447
7015,3845,6395,620
3455,1875,3134,321
4857,2740,4479,378
1583,868,1440,143
2119,1182,1939,180
6701,3719,6145,556
16467,9057,15026,1441
4041,2183,3668,373
12091,6684,11055,1036
9645,5264,8783,862
9287,5157,8493,794
8080,4393,7341,739
6521,3557,5921,600
3892,2100,3537,355
5390,2921,4883,507
7143,3902,6508,635
2186,1232,2013,173
6456,3546,5887,569
5920,3281,5421,499
4970,2725,4546,424
4016,2188,3652,364
5549,3069,5086,463
5939,3282,5421,518
2451,1330,2226,225
12215,6657,11168,1047
6045,3297,5519,526
5076,2848,4663,413
5631,3119,5143,488
6669,3620,6055,614
3125,1734,2863,262
5939,3321,5446,493
6687,3658,6110,577
2639,1454,2403,236
9242,5091,8422,820
4020,2197,3646,374
2865,1576,2621,244
13661,7423,12424,1237
2444,1335,2225,219
4370,2370,3971,399
4909,2717,4495,414
3200,1785,2935,265
4060,2260,3728,332
4593,2512,4184,409
7909,4291,7178,731
5588,3095,5111,477
23570,13025,21550,2020
5512,2984,5027,485
4970,2753,4545,425
1955,1099,1800,155
21273,11520,19271,2002
8309,4497,7531,778
2023,1105,1842,181
53502,29484,48824,4678
2633,1453,2400,233
10067,5520,9188,879
3293,1820,3015,278
14285,7863,13029,1256
8763,4739,7915,848
12395,6878,11346,1049
13354,7320,12156,1198
7389,4005,6689,700
11468,6253,10419,1049
6245,3393,5644,601
3585,1944,3249,336
8194,4587,7535,659
16127,8781,14729,1398
6620,3677,6077,543
9598,5253,8731,867
1740,945,1586,154
5160,2850,4712,448
7731,4305,7077,654
4035,2160,3654,381
4719,2593,4295,424
6541,3603,5975,566
5339,2930,4880,459
3494,1947,3202,292
11868,6636,10874,994
5405,2992,4924,481
2393,1297,2172,221
10586,5840,9675,911
9901,5293,8917,984
8537,4599,7710,827
11165,6068,10125,1040
2348,1299,2142,206
10501,5809,9601,900
13718,7489,12472,1246
4579,2470,4142,437
12287,6717,11201,1086
3648,1980,3304,344
2472,1353,2269,203
5745,3122,5213,532
2757,1534,2523,234
5628,3135,5152,476
5421,2954,4923,498
6298,3482,5741,557
1044,570,959,85
3423,1883,3127,296
27631,15170,25231,2400
2371,1283,2152,219
2559,1399,2322,237
2251,1249,2056,195
5033,2753,4573,460
7178,3914,6520,658
6545,3629,5980,565
10810,5800,9757,1053
3315,1862,3045,270
7222,3963,6586,636
10196,5592,9299,897
8829,4771,8042,787
23629,13192,21728,1901
4482,2452,4078,404
10993,6009,9997,996
7413,4085,6754,659
3496,1913,3172,324
6966,3829,6349,617
7000,3815,6371,629
6007,3331,5496,511
13593,7494,12395,1198
6198,3393,5637,561
4352,2399,3965,387
10953,6025,10013,940
3412,1900,3137,275
5147,2845,4693,454
9012,4999,8236,776
10026,5442,9087,939
7800,4221,7100,700
3850,2111,3507,343
8048,4484,7392,656
9397,5209,8612,785
9439,5147,8585,854
3686,2021,3356,330
5161,2913,4759,402
6668,3603,6033,635
3977,2225,3646,331
7886,4306,7161,725
4223,2318,3851,372
6017,3262,5464,553
33398,18000,30207,3191
9571,5331,8775,796
3994,2171,3632,362
2549,1397,2318,231
8336,4626,7624,712
3952,2148,3580,372
2145,1186,1958,187
5521,3051,5047,474
12810,6987,11643,1167
10249,5581,9316,933
1482,803,1358,124
2982,1622,2707,275
20559,11292,18722,1837
7548,4112,6868,680
7241,3913,6555,686
11646,6300,10528,1118
6937,3805,6317,620
2668,1453,2436,232
6384,3575,5869,515
4525,2462,4102,423
2472,1313,2242,230
4604,2544,4198,406
26249,14448,23978,2271
9130,5042,8341,789
8428,4538,7624,804
5455,2959,4979,476
6196,3409,5649,547
6763,3684,6150,613
5372,2983,4904,468
5722,3099,5192,530
5885,3202,5345,540
3600,2015,3304,296
8305,4615,7593,712
9744,5308,8845,899
8882,4859,8102,780
1657,921,1518,139
4008,2182,3653,355
6295,3449,5730,565
4401,2349,3988,413
2747,1523,2515,232
7133,3952,6530,603
7571,4179,6922,649
2212,1242,2029,183
5261,2869,4797,464
8414,4534,7607,807
4380,2417,3985,395
6755,3741,6182,573
4155,2288,3792,363
14660,8017,13371,1289
12309,6800,11249,1060
10520,5785,9603,917
3802,2093,3467,335
3484,1887,3160,324
4058,2239,3702,356
6217,3384,5643,574
11188,6013,10178,1010
3945,2181,3601,344
2561,1366,2322,239
9318,5071,8467,851
13062,7147,11878,1184
2031,1111,1843,188
5847,3220,5333,514
5237,2918,4803,434
15407,8301,13977,1430
4052,2241,3697,355
7654,4218,6992,662
5290,2795,4741,549
5978,3263,5434,544
5115,2757,4614,501
7610,4213,6957,653
7364,4048,6716,648
9179,5026,8384,795
1789,1003,1647,142
2815,1530,2557,258
13315,7250,12096,1219
3328,1806,3021,307
7681,4212,7048,633
2268,1282,2096,172
6856,3834,6295,561
6204,3432,5685,519
4340,2395,3961,379
3295,1784,2984,311
4238,2341,3871,367
2300,1263,2103,197
4387,2435,4015,372
1636,921,1507,129
4026,2198,3661,365
3498,1925,3190,308
6922,3858,6335,587
8492,4670,7748,744
7380,4035,6705,675
14022,7716,12810,1212
5787,3155,5259,528
2753,1542,2533,220
5237,2862,4766,471
1931,1024,1745,186
4331,2386,3958,373
8956,4971,8200,756
3464,1916,3168,296
8460,4608,7709,751
2492,1385,2282,210
4413,2416,4026,387
5667,3149,5182,485
6252,3440,5695,557
5041,2811,4612,429
4866,2712,4467,399
6044,3293,5496,548
4316,2341,3920,396
16248,9021,14902,1346
5435,2984,4976,459
4606,2577,4232,374
4268,2398,3919,349
7738,4269,7077,661
6727,3728,6176,551
4061,2267,3730,331
2606,1428,2380,226
5957,3325,5468,489
7001,3866,6401,600
8152,4406,7372,780
9232,5040,8438,794
8403,4497,7580,823
5398,2931,4895,503
6766,3697,6152,614
4539,2529,4158,381
6707,3723,6145,562
6200,3406,5653,547
29785,16452,27229,2556
6103,3331,5536,567
12813,7046,11685,1128
13457,7347,12290,1167
5881,3247,5367,514
4304,2361,3911,393
2617,1405,2361,256
1394,786,1282,112
6849,3802,6273,576
12744,6960,11621,1123
5868,3210,5345,523
6434,3579,5899,535
4500,2453,4090,410
9495,5161,8627,868
7157,3898,6523,634
9476,5154,8613,863
3437,1868,3122,315
6691,3680,6091,600
16866,9221,15374,1492
2670,1467,2430,240
6181,3428,5652,529
3588,1990,3289,299
2224,1222,2026,198
10318,5514,9341,977
7802,4385,7182,620
5373,2966,4913,460
14518,7901,13239,1279
16169,8974,14800,1369
5312,2865,4800,512
4796,2649,4384,412
2382,1330,2191,191
6722,3621,6095,627
10429,5718,9528,901
2719,1506,2486,233
7939,4326,7185,754
3531,1922,3207,324
5437,3012,4973,464
6849,3751,6232,617
3741,2062,3419,322
5470,3002,4978,492
7265,4105,6666,599
4648,2600,4266,382
3587,1980,3277,310
5060,2811,4632,428
6648,3607,6025,623
7080,3905,6454,626
4738,2592,4318,420
3361,1825,3049,312
8254,4604,7566,688
15034,8232,13712,1322
4131,2248,3748,383
7210,3969,6594,616
4569,2531,4178,391
8872,4928,8100,772
7077,3825,6440,637
4890,2716,4475,415
5637,3098,5136,501
6495,3603,5937,558
2382,1305,2171,211
8136,4450,7396,740
6936,3842,6341,595
7552,4141,6880,672
2683,1468,2448,235
6770,3712,6163,607
2514,1380,2287,227
5156,2856,4707,449
8287,4527,7554,733
2591,1412,2352,239
12064,6657,10990,1074
2020,1095,1830,190
4030,2216,3681,349
16792,9233,15367,1425
19069,10454,17400,1669
2799,1548,2560,239
7118,3930,6505,613
10897,5857,9842,1055
7588,4178,6918,670
4680,2623,4299,381
7181,3965,6552,629
10886,5893,9892,994
2266,1274,2089,177
9115,4970,8268,847
3192,1747,2921,271
7903,4351,7212,691
5555,3032,5034,521
3958,2181,3612,346
95009,51829,86467,8542
4862,2709,4461,401
2782,1527,2533,249
2274,1276,2096,178
8044,4396,7308,736
11109,6070,10140,969
4511,2422,4080,431
3383,1878,3093,290
6579,3598,5978,601
8363,4504,7550,813
5174,2843,4719,455
3391,1894,3114,277
5870,3240,5332,538
8569,4671,7771,798
2922,1592,2657,265
19288,10737,17678,1610
2538,1414,2328,210
36307,20113,33247,3060
1277,707,1174,103
10411,5637,9472,939
6770,3779,6231,539
6567,3675,6028,539
5442,2984,4965,477
3493,1923,3179,314
4593,2543,4193,400
5954,3319,5463,491
6467,3560,5894,573
14397,7790,13026,1371
14028,7860,12876,1152
7361,3994,6669,692
7827,4311,7135,692
11389,6307,10418,971
12863,7052,11761,1102
4191,2286,3811,380
1980,1095,1811,169
9348,5094,8487,861
12694,6884,11538,1156
64386,34490,58275,6111
5664,3147,5180,484
2803,1539,2547,256
6554,3662,6005,549
4685,2568,4275,410
6432,3526,5864,568
2274,1231,2055,219
21088,11493,19184,1904
10175,5527,9242,933
6877,3788,6270,607
3364,1817,3039,325
90326,49480,82274,8052
4983,2804,4585,398
13564,7413,12394,1170
2234,1250,2051,183
3272,1765,2959,313
2719,1517,2489,230
4895,2693,4455,440
1598,895,1472,126
3761,2072,3427,334
2928,1588,2665,263
61509,33923,56241,5268
11948,6495,10853,1095
4753,2592,4311,442
13987,7617,12694,1293
4587,2577,4218,369
2335,1298,2136,199
9667,5296,8806,861
4568,2537,4185,383
8181,4521,7471,710
10604,5758,9631,973
4930,2680,4484,446
2795,1554,2557,238
3033,1664,2759,274
7932,4367,7215,717
12477,6737,11279,1198
3063,1659,2767,296
3891,2148,3553,338
1825,996,1668,157
9573,5295,8746,827
4804,2643,4385,419
6335,3423,5731,604
5956,3285,5441,515
2735,1507,2499,236
4167,2255,3776,391
2818,1551,2568,250
5391,2993,4938,453
2874,1591,2627,247
3732,2004,3379,353
6064,3365,5546,518
5391,2977,4926,465
8182,4499,7466,716
9805,5376,8930,875
9895,5381,8980,915
11202,6173,10240,962
4069,2243,3713,356
18393,10057,16800,1593
3303,1815,3006,297
12944,6960,11745,1199
1254,714,1160,94
9223,5017,8361,862
5659,3106,5164,495
9187,5092,8417,770
7220,3985,6592,628
2309,1274,2109,200
11962,6662,10982,980
15078,8177,13732,1346
5084,2768,4612,472
4037,2168,3673,364
9784,5436,8963,821
11331,6154,10273,1058
11903,6454,10817,1086
7826,4310,7150,676
4650,2563,4240,410
3614,2029,3322,292
3725,2059,3409,316
3628,2010,3319,309
2926,1609,2678,248
4913,2690,4468,445
7087,3899,6486,601
21968,12043,20062,1906
55691,30791,50905,4786
4805,2623,4374,431
9400,5211,8590,810
6054,3308,5516,538
6394,3470,5796,598
8155,4495,7446,709
5493,3021,5010,483
4071,2227,3702,369
6240,3461,5724,516
6514,3541,5934,580
4626,2589,4259,367
2775,1539,2536,239
3388,1882,3098,290
13818,7672,12661,1157
5890,3277,5395,495
7929,4380,7246,683
2092,1155,1916,176
15457,8473,14077,1380
3570,1956,3257,313
14793,8043,13426,1367
14593,7945,13285,1308
6956,3813,6337,619
2838,1563,2589,249
10161,5556,9237,924
7078,3896,6452,626
63258,34521,57807,5451
6870,3794,6283,587
3806,2077,3450,356
6856,3721,6203,653
7565,4103,6852,713
5818,3166,5273,545
2837,1554,2577,260
2294,1264,2096,198
6646,3627,6046,600
5980,3330,5476,504
2762,1529,2530,232
5478,2990,4977,501
6722,3681,6134,588
11046,6012,10004,1042
2815,1558,2570,245
4522,2504,4140,382
6072,3325,5531,541
4297,2328,3901,396
8093,4396,7352,741
11381,6312,10415,966
5588,3106,5125,463
4467,2491,4076,391
4908,2701,4477,431
7946,4372,7257,689
39442,21578,35933,3509
10201,5584,9302,899
44649,24517,40725,3924
41642,22802,37936,3706
4204,2336,3852,352
7681,4282,7033,648
3581,1936,3240,341
8604,4664,7807,797
7042,3821,6387,655
7568,4120,6877,691
5576,3092,5085,491
3530,1910,3200,330
3719,2085,3413,306
17471,9707,16014,1457
2209,1233,2028,181
6072,3303,5509,563
7135,3901,6501,634
5832,3218,5322,510
4661,2545,4242,419
12297,6667,11211,1086
5818,3159,5297,521
5977,3278,5450,527
18819,10347,17196,1623
8722,4764,7939,783
4938,2736,4513,425
3997,2173,3622,375
17186,9367,15668,1518
2729,1493,2486,243
5350,2952,4908,442
5183,2837,4712,471
6516,3531,5911,605
2269,1276,2093,176
7483,4082,6801,682
5776,3155,5250,526
6557,3612,5990,567
8338,4579,7611,727
4304,2416,3959,345
7062,3902,6446,616
12833,6995,11650,1183
8805,4798,8017,788
20713,11436,19043,1670
9178,5060,8408,770
6642,3629,6039,603
6783,3673,6172,611
8378,4604,7635,743
42282,22909,38510,3772
8115,4483,7401,714
22017,12002,20104,1913
6379,3529,5832,547
13587,7370,12303,1284
2423,1350,2218,205
15520,8418,14059,1461
3651,2030,3341,310
6525,3585,5954,571
7351,3989,6672,679
6058,3336,5515,543
3086,1692,2809,277
35785,19623,32615,3170
5071,2775,4604,467
8209,4474,7489,720
20282,11114,18459,1823
3269,1810,3001,268
9494,5117,8589,905
4644,2499,4198,446
3712,2039,3379,333
4451,2399,4037,414
6501,3569,5934,567
11969,6643,10973,996
1797,1004,1654,143
4619,2558,4225,394
2847,1583,2621,226
15910,8712,14489,1421
9795,5305,8872,923
7753,4276,7065,688
14938,8294,13651,1287
7167,3947,6535,632
6933,3729,6310,623
8323,4618,7636,687
20171,11126,18436,1735
38796,21245,35398,3398
4195,2286,3805,390
2196,1227,2016,180
2085,1160,1912,173
5025,2766,4588,437
4285,2348,3903,382
5833,3196,5318,515
3302,1816,3004,298
10439,5702,9498,941
3891,2147,3556,335
6997,3857,6398,599
2598,1417,2361,237
6961,3846,6347,614
6795,3747,6203,592
2962,1622,2693,269
2030,1115,1849,181
22734,12532,20816,1918
7296,4015,6654,642
19347,10588,17670,1677
8718,4762,7926,792
1579,863,1436,143
8301,4545,7570,731
2764,1548,2539,225
1495,834,1367,128
11725,6449,10700,1025
11741,6428,10683,1058
5486,3027,5000,486
6044,3366,5532,512
11134,6027,10122,1012
5527,2993,5003,524
9896,5360,8963,933
9499,5235,8669,830
14152,7854,12953,1199
10996,6040,10041,955
3084,1714,2818,266
18425,10182,16866,1559
1115,615,1026,89
5943,3262,5420,523
5044,2840,4640,404
10813,5993,9888,925
4657,2592,4275,382
2458,1380,2257,201
3717,2029,3380,337
4607,2541,4209,398
10698,5802,9723,975
2929,1603,2664,265
9448,5162,8591,857
1716,940,1566,150
5928,3229,5370,558
3131,1731,2858,273
18324,10085,16785,1539
3980,2185,3629,351
4291,2358,3905,386
9378,5222,8599,779
2795,1545,2550,245
11681,6539,10716,965
4089,2266,3741,348
5048,2762,4590,458
3549,1939,3232,317
9326,5155,8524,802
3232,1741,2923,309
52304,27808,47599,4705
5018,2770,4594,424
8362,4633,7633,729
6051,3326,5540,511
7399,4073,6750,649
4264,2357,3899,365
5744,3172,5242,502
13565,7352,12279,1286
2673,1472,2440,233
7003,3814,6400,603
16594,8992,15071,1523
9702,5335,8853,849
2919,1623,2671,248
3099,1701,2826,273
4319,2408,3967,352
6908,3812,6295,613
6553,3626,5987,566
2223,1237,2046,177
7246,3966,6631,615
2289,1293,2107,182
4589,2514,4190,399
10556,5673,9536,1020
3030,1658,2759,271
5995,3345,5491,504
10825,5853,9858,967
5791,3084,5221,570
3798,2049,3434,364
8566,4629,7755,811
6004,3349,5510,494
3463,1928,3173,290
12610,7049,11590,1020
12458,6875,11359,1099
1614,873,1461,153
2231,1242,2053,178
7574,4125,6889,685
2607,1441,2386,221
5064,2813,4630,434
19052,10449,17454,1598
28390,15692,26013,2377
42399,23251,38651,3748
4185,2311,3813,372
8221,4499,7486,735
2560,1389,2323,237
6505,3552,5906,599
7915,4275,7170,745
3546,1945,3228,318
3380,1848,3071,309
4564,2528,4147,417
7296,4011,6659,637
17641,9708,16103,1538
4636,2564,4218,418
13598,7260,12242,1356
3010,1637,2733,277
4745,2557,4300,445
9945,5386,9028,917
2559,1412,2334,225
8232,4532,7514,718
1492,831,1365,127
3322,1818,3026,296
8349,4551,7617,732
16322,8853,14838,1484
9886,5482,9035,851
15791,8714,14448,1343
11973,6483,10843,1130
17939,9878,16420,1519
7036,3853,6402,634
8631,4669,7803,828
5961,3302,5446,515
3165,1721,2866,299
7700,4205,6997,703
12922,7065,11739,1183
5795,3158,5262,533
6491,3576,5922,569
9178,5007,8334,844
9180,5053,8373,807
6605,3635,6024,581
19444,10467,17584,1860
16816,9218,15339,1477
5389,2855,4887,502
8277,4606,7588,689
2263,1227,2052,211
7548,4169,6890,658
4786,2633,4373,413
45783,25310,41850,3933
4791,2573,4316,475
2945,1611,2681,264
5840,3240,5340,500
10892,5897,9893,999
10403,5659,9432,971
2402,1313,2188,214
6487,3601,5934,553
1484,827,1357,127
4584,2530,4188,396
1939,1062,1771,168
5359,2931,4879,480
3849,2098,3495,354
4043,2274,3717,326
3496,1929,3197,299
5776,3223,5291,485
4956,2749,4541,415
3326,1854,3052,274
9310,5153,8517,793
3245,1809,2977,268
9330,5030,8431,899
9773,5351,8926,847
4186,2283,3800,386
2772,1487,2504,268
10012,5487,9117,895
6748,3736,6167,581
5350,2952,4885,465
6799,3752,6204,595
10214,5632,9323,891
9497,5198,8656,841
4684,2586,4268,416
1775,1002,1633,142
7997,4455,7322,675
6013,3299,5473,540
9452,5159,8601,851
2960,1632,2715,245
7295,3964,6608,687
1772,964,1617,155
7141,3907,6489,652
5139,2871,4715,424
4959,2703,4504,455
4411,2465,4058,353
5863,3148,5275,588
7169,3953,6541,628
11972,6554,10911,1061
4592,2515,4193,399
8327,4614,7613,714
6513,3582,5963,550
2935,1608,2675,260
13982,7683,12784,1198
3702,2018,3365,337
11941,6618,10923,1018
2460,1350,2243,217
5866,3251,5367,499
4024,2234,3682,342
2785,1510,2520,265
2526,1408,2317,209
4429,2428,4041,388
6973,3854,6381,592
2673,1453,2432,241
7268,3968,6611,657
8688,4766,7899,789
7945,4396,7256,689
8887,4933,8088,799
5579,3114,5125,454
10769,5890,9791,978
11401,6242,10404,997
6517,3599,5958,559
4298,2395,3940,358
28755,15757,26229,2526
3844,2116,3500,344
3760,2073,3444,316
8755,4674,7927,828
11180,6038,10133,1047
2630,1436,2392,238
21580,11942,19746,1834
8112,4357,7319,793
4124,2225,3730,394
7168,3990,6570,598
9330,5088,8473,857
3818,2144,3503,315
4310,2357,3921,389
2879,1577,2614,265
10333,5598,9402,931
15252,8213,13782,1470
8803,4844,8034,769
9059,4965,8262,797
7194,3874,6485,709
6753,3712,6159,594
4949,2684,4491,458
11981,6495,10864,1117
4115,2311,3774,341
8827,4891,8094,733
4722,2639,4332,390
11779,6475,10727,1052
2619,1433,2379,240
5316,2963,4866,450
2594,1416,2357,237
6007,3332,5498,509
9246,5003,8367,879
11293,6173,10266,1027
5889,3210,5344,545
9197,5031,8396,801
15903,8678,14441,1462
8273,4542,7573,700
3122,1691,2835,287
22590,12511,20744,1846
7023,3898,6428,595
11791,6406,10738,1053
3110,1703,2830,280
4861,2658,4422,439
9171,5060,8389,782
13171,7262,12036,1135
27295,14972,24955,2340
9175,4994,8337,838
4975,2713,4521,454
3364,1849,3068,296
6031,3316,5502,529
5566,3095,5106,460
4927,2675,4456,471
3309,1818,3019,290
21756,11894,19872,1884
5313,2904,4833,480
5759,3184,5258,501
3764,2047,3420,344
10605,5901,9705,900
6372,3516,5824,548
5457,3041,5001,456
2282,1276,2099,183
3378,1856,3084,294
2626,1455,2407,219
3726,2095,3424,302
21357,11746,19467,1890
3266,1833,2999,267
8015,4481,7349,666
9228,5045,8398,830
9951,5511,9097,854
6799,3695,6154,645
7621,4194,6950,671
4245,2377,3900,345
4157,2342,3835,322
7713,4318,7070,643
7690,4234,7014,676
19021,10389,17304,1717
5796,3230,5317,479
6118,3361,5580,538
7178,3956,6546,632
4127,2243,3745,382
5261,2862,4786,475
2767,1495,2502,265
6054,3319,5524,530
9447,5126,8591,856
4737,2631,4342,395
61407,33823,56093,5314
7952,4290,7184,768
1866,1037,1703,163
5679,3099,5174,505
10522,5816,9650,872
2074,1145,1901,173
8942,4844,8107,835
26330,14395,24043,2287
11633,6386,10620,1013
4011,2232,3679,332
3948,2198,3622,326
5755,3188,5265,490
3407,1834,3072,335
5037,2763,4595,442
10197,5688,9348,849
9951,5372,9032,919
5684,3158,5201,483
7972,4391,7268,704
6294,3487,5750,544
8090,4491,7401,689
9109,5005,8308,801
7613,4175,6937,676
21382,11705,19547,1835
22344,12281,20417,1927
14275,7806,12998,1277
4662,2529,4230,432
12722,6943,11600,1122
1781,972,1621,160
3414,1874,3119,295
12464,6808,11336,1128
6576,3589,5971,605
5470,2995,4981,489
12362,6749,11273,1089
10369,5646,9450,919
5430,2986,4953,477
1241,643,1109,132
6473,3552,5905,568
3548,1926,3223,325
5243,2906,4798,445
8590,4803,7880,710
8482,4620,7697,785
11530,6377,10536,994
2703,1498,2469,234
2701,1530,2495,206
6019,3295,5481,538
6223,3434,5682,541
3212,1735,2907,305
6747,3653,6131,616
5425,3056,4986,439
3820,2065,3455,365
5083,2823,4658,425
6903,3854,6329,574
3025,1634,2742,283
5350,2960,4895,455
3858,2091,3503,355
5972,3268,5443,529
2575,1398,2335,240
5562,3010,5033,529
4594,2477,4167,427
6306,3480,5759,547
8817,4774,8000,817
8794,4905,8060,734
4957,2728,4516,441
6106,3307,5545,561
6620,3633,6040,580
2132,1145,1939,193
6409,3543,5859,550
2819,1560,2582,237
5303,2910,4827,476
12430,6776,11294,1136
4307,2334,3905,402
7132,3910,6491,641
27941,15183,25368,2573
24186,13259,22016,2170
10265,5650,9363,902
4830,2616,4378,452
6772,3723,6167,605
4621,2594,4244,377
1699,945,1554,145
4667,2583,4264,403
2521,1396,2306,215
26263,14417,23975,2288
5339,2918,4846,493
8691,4781,7924,767
8361,4535,7591,770
5587,3068,5092,495
2599,1455,2388,211
12353,6761,11286,1067
4568,2546,4181,387
5895,3253,5396,499
3833,2145,3522,311
2754,1503,2503,251
4130,2232,3734,396
7594,4160,6905,689
6080,3307,5513,567
9096,4996,8253,843
2502,1392,2286,216
3533,1952,3221,312
7959,4379,7270,689
1497,831,1368,129
1480,789,1348,132
4371,2405,3987,384
36333,20010,33152,3181
1176,663,1090,86
10313,5674,9427,886
3358,1835,3061,297
2614,1426,2377,237
6744,3687,6136,608
4526,2470,4107,419
1356,713,1239,117
2685,1477,2442,243
11595,6293,10533,1062
4547,2491,4138,409
16379,8969,14988,1391
6356,3491,5795,561
4422,2428,4033,389
3435,1881,3135,300
5914,3172,5336,578
1980,1121,1829,151
2204,1246,2037,167
12524,6864,11460,1064
4786,2681,4400,386
9802,5355,8921,881
9539,5215,8671,868
7938,4298,7210,728
5269,2849,4768,501
3681,2067,3386,295
3900,2177,3583,317
12220,6723,11161,1059
6863,3787,6274,589
5506,2979,5002,504
14909,8099,13589,1320
14558,7928,13264,1294
7875,4345,7194,681
9701,5435,8902,799
2055,1136,1875,180
1314,721,1196,118
2621,1438,2381,240
28339,15671,26000,2339
3037,1687,2793,244
87321,47589,79854,7467
8156,4522,7456,700
4463,2463,4087,376
5899,3237,5363,536
30947,16960,28181,2766
18606,10094,16869,1737
7132,3939,6521,611
4542,2513,4148,394
6026,3286,5482,544
3904,2163,3569,335
6393,3544,5853,540
7331,4035,6680,651
8933,4945,8165,768
3014,1650,2739,275
1318,728,1201,117
5731,3184,5241,490
8123,4482,7414,709
4608,2493,4176,432
10277,5582,9327,950
4145,2268,3763,382
1897,1067,1751,146
3285,1812,2990,295
5317,2894,4824,493
4417,2415,4015,402
5833,3217,5332,501
4978,2777,4557,421
1177,646,1071,106
2836,1580,2595,241
10183,5551,9268,915
7781,4368,7129,652
5150,2789,4648,502
5956,3182,5372,584
5744,3174,5247,497
1903,1053,1738,165
2108,1150,1921,187
7339,4014,6683,656
1856,1013,1684,172
2886,1576,2627,259
8157,4432,7407,750
8504,4635,7768,736
9425,5187,8592,833
2587,1431,2370,217
44030,23516,40082,3948
3392,1901,3122,270
14172,7767,12918,1254
8337,4534,7559,778
5658,3078,5140,518
8449,4594,7689,760
6804,3731,6197,607
11046,6165,10156,890
2561,1422,2340,221
4360,2369,3954,406
6584,3677,6033,551
2245,1248,2054,191
7108,3873,6452,656
5787,3203,5307,480
5736,3115,5207,529
1226,681,1121,105
3217,1805,2959,258
12834,7014,11714,1120
2694,1468,2453,241
4554,2525,4190,364
27705,15393,25374,2331
3576,2007,3283,293
8815,4829,8028,787
14082,7586,12730,1352
6796,3689,6191,605
5335,2906,4857,478
9325,5016,8423,902
6972,3836,6369,603
21132,11653,19267,1865
6001,3311,5474,527
11784,6368,10697,1087
2654,1443,2407,247
6014,3295,5483,531
8800,4809,8003,797
6964,3837,6351,613
20564,11159,18704,1860
6354,3544,5820,534
4009,2205,3663,346
4661,2562,4241,420
11095,6025,10084,1011
5151,2863,4717,434
12997,7239,11883,1114
5827,3233,5332,495
2071,1125,1878,193
3612,1992,3296,316
2554,1415,2333,221
2828,1557,2577,251
9578,5272,8737,841
4089,2221,3694,395
10982,6011,9984,998
4110,2283,3755,355
4671,2589,4280,391
4150,2308,3800,350
20050,11126,18370,1680
6729,3731,6151,578
4145,2332,3804,341
3432,1888,3133,299
2394,1346,2195,199
5190,2905,4775,415
5101,2804,4646,455
4505,2504,4125,380
3603,1964,3275,328
5688,3076,5157,531
4390,2459,4034,356
2009,1114,1840,169
3362,1857,3072,290
4935,2713,4497,438
6915,3838,6329,586
5520,3030,5031,489
7401,4016,6740,661
4333,2374,3944,389
4974,2714,4515,459
23918,13148,21855,2063
8978,4965,8218,760
5978,3248,5421,557
3201,1744,2904,297
2655,1481,2437,218
5606,3085,5100,506
3957,2170,3602,355
5071,2727,4587,484
6248,3401,5678,570
8591,4781,7876,715
2297,1277,2113,184
12892,7061,11745,1147
2245,1219,2035,210
6820,3772,6230,590
4765,2622,4349,416
4246,2310,3851,395
4560,2494,4154,406
2276,1278,2099,177
5264,2877,4788,476
2604,1433,2372,232
4945,2800,4553,392
4437,2392,4015,422
1728,940,1575,153
1590,890,1461,129
7843,4315,7159,684
14083,7683,12813,1270
9169,5023,8406,763
4902,2682,4461,441
5840,3216,5328,512
16258,8906,14839,1419
11714,6378,10623,1091
9308,5108,8496,812
1775,967,1617,158
6144,3343,5584,560
8826,4835,8014,812
4493,2487,4108,385
15056,8202,13667,1389
29754,16350,27329,2425
10023,5489,9128,895
6165,3434,5650,515
5526,3060,5042,484
6294,3462,5735,559
5882,3209,5342,540
3532,1939,3212,320
2653,1437,2422,231
2450,1318,2215,235
11362,6123,10336,1026
2348,1301,2153,195
4266,2367,3904,362
25789,14357,23610,2179
9181,5042,8367,814
7020,3876,6397,623
12161,6715,11108,1053
3737,2067,3401,336
4380,2420,3998,382
13230,7304,12087,1143
8366,4515,7574,792
3969,2202,3627,342
5335,2953,4876,459
5151,2834,4696,455
3430,1891,3135,295
2905,1600,2652,253
5398,2971,4930,468
4986,2708,4538,448
2915,1620,2670,245
9221,4937,8312,909
5194,2850,4730,464
6369,3489,5801,568
6597,3621,6010,587
2807,1530,2549,258
2723,1489,2484,239
13246,7234,12031,1215
6090,3333,5550,540
8277,4529,7558,719
4351,2422,3987,364
3551,1912,3214,337
7970,4408,7276,694
3454,1868,3121,333
3948,2145,3598,350
5064,2759,4608,456
13394,7292,12222,1172
11999,6583,10925,1074
2714,1492,2482,232
3948,2209,3619,329
2892,1564,2608,284
10526,5839,9638,888
1867,995,1688,179
3202,1749,2904,298
1888,1052,1723,165
2880,1572,2621,259
2768,1532,2534,234
7321,4003,6680,641
8828,4785,8018,810
4416,2467,4048,368
10282,5598,9353,929
5551,3088,5091,460
970,521,880,90
8629,4756,7873,756
2210,1213,2012,198
5976,3231,5405,571
4109,2317,3789,320
5174,2874,4736,438
5275,2925,4827,448
6424,3523,5858,566
17039,9303,15506,1533
4708,2577,4289,419
9902,5434,9020,882
4815,2641,4387,428
6455,3525,5859,596
7459,4065,6767,692
4060,2265,3736,324
8133,4484,7416,717
6038,3320,5518,520
3480,1894,3161,319
4441,2480,4077,364
6434,3521,5862,572
6411,3507,5829,582
3479,1928,3177,302
1148,651,1065,83
5243,2869,4777,466
5110,2821,4667,443
3260,1828,2994,266
7329,4058,6712,617
11017,6035,10065,952
4880,2698,4460,420
3407,1829,3078,329
2071,1146,1896,175
4776,2621,4345,431
12659,6904,11543,1116
6203,3391,5641,562
5166,2803,4675,491
14236,7782,12966,1270
7292,4021,6648,644
19118,10461,17385,1733
22243,12255,20365,1878
4128,2233,3754,374
10010,5477,9100,910
10283,5599,9352,931
10590,5781,9629,961
23503,12825,21308,2195
4430,2410,4034,396
6160,3388,5621,539
8449,4639,7691,758
4680,2527,4253,427
4135,2259,3769,366
4809,2658,4390,419
9448,5160,8619,829
4226,2294,3840,386
3299,1831,3017,282
2826,1539,2566,260
4341,2422,3988,353
1798,1011,1656,142
16291,8961,14881,1410
4856,2689,4443,413
5176,2803,4700,476
1872,1029,1713,159
4130,2243,3739,391
5136,2789,4687,449
6179,3395,5629,550
6921,3811,6306,615
3605,1983,3282,323
5538,3022,5040,498
5685,3112,5185,500
5598,3110,5120,478
4908,2682,4460,448
12666,6986,11592,1074
6731,3691,6137,594
8731,4734,7893,838
8536,4669,7763,773
1411,775,1284,127
2767,1512,2514,253
34757,19117,31689,3068
22666,12435,20712,1954
9586,5200,8713,873
8201,4501,7510,691
3296,1807,3004,292
27981,15292,25579,2402
8605,4736,7850,755
10005,5496,9143,862
6921,3883,6369,552
5070,2704,4561,509
8283,4621,7595,688
4450,2481,4074,376
9468,5340,8727,741
2629,1442,2393,236
12171,6722,11113,1058
2814,1557,2582,232
5397,2932,4917,480
3182,1750,2904,278
4574,2496,4157,417
11272,6157,10245,1027
35137,19415,32165,2972
1878,1035,1716,162
12065,6661,11005,1060
4440,2430,4047,393
13491,7447,12331,1160
2563,1425,2345,218
6186,3349,5604,582
3799,2087,3462,337
8612,4727,7839,773
71445,39402,65290,6155
2750,1509,2508,242
4248,2366,3887,361
4975,2713,4520,455
6063,3387,5561,502
6635,3659,6063,572
5808,3210,5316,492
6629,3656,6058,571
21018,11544,19168,1850
8478,4576,7700,778
8184,4578,7528,656
25729,14119,23437,2292
3816,2109,3477,339
10656,5795,9681,975
2583,1435,2362,221
12427,6892,11369,1058
3896,2151,3557,339
39270,21482,35772,3498
12539,6805,11428,1111
4577,2536,4181,396
5821,3156,5265,556
4761,2660,4370,391
3944,2184,3609,335
4132,2299,3782,350
5402,2957,4910,492
4393,2432,4019,374
4072,2229,3706,366
4550,2502,4143,407
4980,2682,4534,446
2408,1359,2225,183
2785,1527,2538,247
12906,6973,11700,1206
2412,1348,2214,198
1920,1065,1754,166
3636,1988,3318,318
2211,1237,2030,181
2272,1261,2084,188
7157,3966,6539,618
7769,4258,7074,695
4869,2616,4397,472
9029,5052,8285,744
13325,7272,12136,1189
4188,2281,3794,394
4003,2230,3660,343
10530,5892,9654,876
3829,2120,3502,327
3324,1847,3062,262
6557,3630,6001,556
8392,4647,7661,731
7997,4477,7327,670
7085,3909,6473,612
4853,2700,4451,402
3243,1747,2933,310
10463,5727,9516,947
15861,8626,14398,1463
9039,4971,8232,807
6326,3507,5802,524
9533,5236,8700,833
1904,1050,1740,164
6702,3690,6118,584
5880,3227,5365,515
7923,4327,7198,725
3719,2008,3365,354
8023,4416,7315,708
1510,834,1386,124
8085,4323,7282,803
2800,1527,2542,258
3117,1708,2843,274
6692,3648,6077,615
5685,3158,5197,488
4967,2685,4502,465
17670,9651,16071,1599
2498,1376,2279,219
3810,2106,3472,338
9651,5259,8785,866
9000,4974,8237,763
1964,1089,1797,167
7206,3972,6585,621
7480,4072,6785,695
7503,4099,6855,648
5977,3270,5431,546
5732,3129,5206,526
2910,1573,2630,280
7072,3902,6458,614
1787,995,1637,150
3073,1666,2791,282
4450,2457,4066,384
3066,1670,2779,287
2006,1121,1847,159
2541,1410,2322,219
6349,3558,5834,515
18696,10459,17156,1540
8679,4790,7920,759
3823,2097,3480,343
3627,2006,3316,311
7295,3973,6614,681
6251,3487,5739,512
7919,4335,7203,716
9465,5191,8607,858
13935,7674,12729,1206
3439,1899,3137,302
3513,1950,3213,300
5452,2976,4952,500
11365,6178,10359,1006
6213,3411,5661,552
5807,3213,5308,499
6519,3555,5915,604
4856,2673,4449,407
4621,2583,4241,380
6072,3358,5538,534
7194,3931,6553,641
5255,2867,4779,476
2503,1388,2288,215
7266,4013,6640,626
7533,4079,6798,735
15665,8522,14198,1467
9620,5383,8854,766
10419,5671,9449,970
6825,3760,6227,598
4835,2700,4440,395
6530,3571,5928,602
1170,662,1082,88
17708,9591,16042,1666
7010,3820,6364,646
5356,3011,4915,441
8859,4872,8076,783
3682,2030,3365,317
1048,573,956,92
2209,1205,2006,203
2758,1496,2498,260
12029,6573,10940,1089
2811,1511,2536,275
5001,2722,4537,464
3578,1998,3276,302
5820,3167,5279,541
2888,1606,2651,237
9779,5298,8858,921
13732,7381,12397,1335
8054,4383,7294,760
6070,3358,5553,517
13820,7540,12623,1197
1481,822,1351,130
6050,3352,5531,519
12610,6859,11459,1151
7683,4254,7016,667
20131,11042,18417,1714
3626,2022,3329,297
4467,2478,4092,375
9395,5138,8564,831
10164,5513,9227,937
5098,2839,4674,424
2011,1090,1838,173
6786,3766,6213,573
9348,5167,8550,798
4452,2443,4054,398
7427,4216,6837,590
10131,5543,9221,910
4794,2606,4355,439
22813,12540,20895,1918
9516,5180,8658,858
11029,5958,10040,989
7028,3877,6413,615
16371,8966,14945,1426
2622,1416,2391,231
2879,1583,2636,243
2478,1367,2261,217
4894,2684,4458,436
2769,1511,2516,253
9056,4865,8210,846
13419,7345,12279,1140
6422,3552,5871,551
4159,2312,3810,349
6372,3526,5819,553
5701,3165,5228,473
4333,2413,3965,368
5292,2914,4838,454
6516,3560,5932,584
16453,9003,15002,1451
7434,4115,6810,624
7661,4226,6996,665
5801,3226,5310,491
29818,16386,27202,2616
8558,4641,7759,799
4972,2762,4552,420
2447,1345,2240,207
5842,3238,5333,509
14935,8085,13511,1424
8471,4586,7708,763
2717,1469,2469,248
2567,1445,2355,212
6094,3338,5561,533
9781,5423,8948,833
7054,3900,6453,601
6061,3268,5476,585
4029,2178,3643,386
10386,5684,9475,911
1468,778,1330,138
4517,2499,4146,371
9081,4925,8290,791
8215,4555,7511,704
13637,7499,12456,1181
11090,6072,10138,952
3942,2149,3574,368
8876,4815,8051,825
2209,1194,2001,208
4414,2405,4029,385
26437,14536,24258,2179
8548,4658,7766,782
3103,1729,2849,254
10806,5926,9860,946
4951,2732,4517,434
9441,5108,8611,830
74551,41125,68197,6354
6520,3540,5907,613
9691,5293,8852,839
9355,5134,8520,835
3965,2148,3593,372
8617,4745,7861,756
11335,6197,10290,1045
1455,819,1335,120
7305,4059,6683,622
9549,5269,8731,818
4150,2295,3789,361
7948,4423,7283,665
1818,999,1664,154
2348,1311,2151,197
15626,8503,14216,1410
9506,5157,8626,880
2571,1404,2339,232
41206,22519,37514,3692
9124,5073,8356,768
5587,3104,5108,479
8112,4479,7403,709
1694,935,1543,151
5206,2898,4771,435
8844,4902,8089,755
7672,4194,6993,679
2515,1371,2294,221
9505,5232,8656,849
2580,1416,2347,233
5489,3042,5018,471
4482,2473,4087,395
23693,12959,21620,2073
2459,1372,2257,202
10328,5647,9450,878
7916,4345,7239,677
629,355,576,53
8449,4652,7702,747
4563,2499,4161,402
4187,2324,3824,363
2156,1206,1976,180
7779,4280,7104,675
3017,1673,2754,263
7382,3995,6689,693
7017,3882,6420,597
7233,4042,6633,600
12941,7131,11841,1100
5948,3263,5417,531
39449,21577,35937,3512
2344,1242,2120,224
4092,2271,3741,351
19589,10616,17853,1736
4458,2450,4083,375
9116,5035,8334,782
5043,2703,4557,486
4688,2590,4281,407
5208,2882,4767,441
3872,2143,3544,328
10254,5505,9316,938
4833,2656,4400,433
9115,4879,8214,901
2424,1352,2214,210
18866,10325,17180,1686
14666,7930,13275,1391
5703,3098,5174,529
7183,3945,6533,650
5502,2949,4997,505
3636,1924,3298,338
9372,5219,8578,794
6465,3581,5908,557
6820,3677,6180,640
1400,793,1289,111
10095,5498,9181,914
4325,2384,3952,373
7973,4346,7251,722
7893,4348,7199,694
5884,3275,5386,498
846,461,765,81
8061,4400,7325,736
7236,4033,6632,604
7612,4133,6901,711
1861,1036,1712,149
1790,998,1639,151
25224,13844,23028,2196
5913,3277,5416,497
7118,3890,6466,652
2420,1369,2236,184
7715,4227,7017,698
7138,3886,6493,645
10049,5522,9144,905
12302,6713,11233,1069
7874,4313,7167,707
2840,1580,2609,231
2606,1458,2397,209
15923,8763,14518,1405
10796,5952,9863,933
10328,5638,9402,926
6304,3418,5717,587
7608,4191,6937,671
5852,3168,5303,549
9393,5084,8502,891
5842,3181,5334,508
7946,4436,7294,652
9071,5006,8290,781
10782,5853,9783,999
24685,13343,22376,2309
3531,1969,3239,292
9497,5253,8723,774
1443,805,1323,120
3685,2024,3354,331
4595,2460,4118,477
7408,4053,6753,655
6551,3603,5986,565
31721,17346,28913,2808
5599,3109,5129,470
5709,3141,5208,501
5961,3244,5418,543
4573,2553,4177,396
1844,1009,1682,162
10848,6002,9931,917
12675,6860,11523,1152
3081,1685,2805,276
3122,1717,2842,280
4537,2562,4162,375
13873,7503,12568,1305
9303,5046,8448,855
4920,2725,4494,426
3859,2147,3529,330
9275,5136,8469,806
7876,4253,7104,772
661,374,607,54
4870,2694,4463,407
5453,3084,5023,430
5089,2761,4612,477
11972,6431,10811,1161
6681,3662,6084,597
5952,3328,5468,484
5483,3061,5022,461
10946,5973,9972,974
15854,8619,14413,1441
1723,958,1577,146
2825,1550,2570,255
7225,3974,6585,640
3872,2148,3544,328
14453,7884,13173,1280
8238,4482,7483,755
8073,4499,7414,659
16010,8787,14567,1443
6055,3273,5487,568
2638,1417,2400,238
3035,1648,2757,278
7099,3908,6473,626
3037,1653,2762,275
17246,9391,15703,1543
11424,6224,10416,1008
11285,6151,10292,993
5855,3213,5363,492
9016,4910,8185,831
6301,3462,5748,553
2147,1181,1963,184
3883,2141,3543,340
5830,3251,5328,502
2601,1462,2394,207
6117,3349,5564,553
15644,8611,14264,1380
6862,3792,6286,576
20780,11488,19000,1780
5640,3119,5150,490
2705,1514,2484,221
14335,7768,13076,1259
3530,1943,3231,299
6979,3863,6371,608
23964,13305,21991,1973
2052,1133,1886,166
12512,6892,11474,1038
2952,1604,2686,266
12102,6532,10981,1121
30295,16685,27682,2613
6861,3813,6280,581
16056,8900,14682,1374
7068,3866,6430,638
6644,3638,6048,596
6796,3771,6222,574
8876,4883,8104,772
3835,2137,3511,324
3950,2185,3608,342
5209,2850,4741,468
7006,3868,6406,600
3640,2006,3323,317
2548,1416,2333,215
5301,2913,4835,466
15717,8555,14273,1444
12616,6964,11509,1107
6945,3828,6322,623
4961,2766,4554,407
3291,1837,3024,267
6849,3774,6252,597
4644,2525,4210,434
1997,1124,1836,161
6943,3790,6311,632
3162,1773,2910,252
3342,1820,3043,299
5142,2859,4708,434
4043,2228,3698,345
4678,2573,4270,408
7533,4116,6866,667
6020,3350,5528,492
11374,6289,10445,929
7906,4413,7249,657
10713,5982,9832,881
4841,2638,4388,453
5966,3343,5496,470
7467,4084,6802,665
4631,2499,4190,441
2037,1138,1885,152
7877,4320,7161,716
3120,1743,2866,254
7577,4126,6886,691
2351,1281,2134,217
3506,1917,3194,312
7310,3998,6662,648
7805,4277,7144,661
3477,1931,3188,289
2741,1475,2474,267
2663,1487,2453,210
7967,4393,7286,681
4783,2662,4384,399
6407,3510,5842,565
6485,3515,5884,601
6474,3624,5947,527
1319,704,1202,117
7096,3875,6451,645
4891,2723,4485,406
3007,1651,2739,268
9567,5250,8718,849
5916,3259,5394,522
7933,4248,7191,742
7554,4116,6859,695
10957,5975,9976,981
1627,882,1483,144
5367,2914,4859,508
5925,3275,5438,487
30942,16958,28176,2766
7680,4216,6996,684
1030,576,946,84
2660,1468,2427,233
1843,1026,1684,159
5956,3265,5422,534
2873,1578,2614,259
8147,4567,7478,669
3848,2139,3522,326
4586,2525,4183,403
3945,2192,3629,316
1959,1096,1809,150
5366,2927,4879,487
7881,4365,7221,660
5247,2878,4785,462
8102,4490,7407,695
6901,3800,6297,604
3657,2046,3356,301
7020,3861,6404,616
7454,4112,6807,647
6006,3343,5493,513
8698,4805,7951,747
8890,4856,8090,800
9181,5033,8376,805
1847,1053,1701,146
2797,1508,2540,257
13618,7493,12415,1203
85758,47243,78286,7472
6876,3868,6317,559
6981,3834,6359,622
2740,1466,2491,249
1688,925,1537,151
5537,3054,5048,489
5601,3118,5135,466
7228,4036,6633,595
9146,4944,8284,862
8116,4525,7438,678
2050,1160,1892,158
4355,2367,3954,401
7576,4115,6881,695
6662,3631,6070,592
2392,1314,2181,211
15882,8720,14526,1356
9697,5354,8858,839
7408,4060,6760,648
8141,4497,7468,673
12172,6599,11017,1155
7054,3885,6421,633
2144,1181,1949,195
2999,1613,2709,290
5671,3064,5128,543
16040,8806,14648,1392
4242,2328,3858,384
4428,2473,4059,369
8442,4587,7660,782
2751,1508,2500,251
17480,9618,15960,1520
6012,3367,5528,484
11134,6104,10164,970
6173,3410,5645,528
18446,10184,16860,1586
1137,600,1051,86
7808,4181,7044,764
5551,3061,5070,481
5231,2919,4792,439
7921,4275,7172,749
8758,4726,7971,787
6001,3342,5500,501
5184,2854,4741,443
2971,1656,2725,246
4055,2228,3697,358
5135,2837,4692,443
9542,5272,8729,813
11627,6325,10565,1062
7716,4200,7006,710
1406,798,1300,106
6116,3403,5623,493
2544,1417,2327,217
7456,4051,6786,670
1926,1030,1736,190
8374,4635,7644,730
7073,3904,6451,622
1907,1033,1724,183
6508,3550,5917,591
16666,9187,15240,1426
16542,9110,15089,1453
3174,1741,2891,283
8925,4846,8106,819
8593,4762,7870,723
9778,5325,8872,906
7480,4045,6783,697
5267,2924,4815,452
7028,3814,6420,608
21806,11948,19856,1950
1135,625,1048,87
3647,1980,3320,327
5145,2812,4677,468
2194,1210,2002,192
22342,12202,20398,1944
8010,4336,7234,776
8522,4706,7792,730
2092,1157,1913,179
2641,1440,2408,233
6414,3589,5890,524
2824,1542,2570,254
7200,3936,6549,651
2655,1445,2421,234
4180,2298,3805,375
14280,7609,12844,1436
3854,2128,3520,334
3550,1971,3253,297
1511,815,1382,129
8175,4521,7474,701
4461,2441,4059,402
6560,3616,5980,580
3825,2118,3500,325
5326,2899,4836,490
4815,2670,4401,414
4383,2370,3975,408
3302,1797,2989,313
5046,2787,4605,441
3638,1973,3302,336
12780,6918,11577,1203
13820,7603,12619,1201
11186,6207,10243,943
8562,4785,7860,702
12958,7182,11881,1077
7755,4298,7100,655
5690,3097,5170,520
9394,5080,8528,866
39758,21747,36237,3521
7458,4082,6790,668
6715,3713,6128,587
5050,2780,4622,428
8516,4689,7724,792
9748,5331,8870,878
3794,2093,3468,326
9049,4926,8230,819
1589,884,1455,134
2798,1524,2542,256
7046,3906,6443,603
3413,1892,3124,289
9180,4999,8368,812
15527,8549,14169,1358
5000,2730,4547,453
7367,4036,6704,663
8405,4668,7696,709
4762,2651,4364,398
3073,1712,2820,253
2733,1508,2497,236
6112,3414,5607,505
5070,2792,4623,447
3315,1841,3035,280
6991,3862,6377,614
6493,3602,5934,559
4595,2495,4160,435
4276,2412,3933,343
5684,3155,5209,475
12088,6641,11035,1053
16560,9056,15077,1483
5489,3018,5014,475
6624,3632,6038,586
6994,3774,6329,665
5142,2823,4685,457
3883,2167,3558,325
7745,4202,7018,727
2934,1629,2687,247
6203,3417,5665,538
3573,1946,3244,329
4767,2594,4339,428
7495,4122,6862,633
6196,3420,5659,537
2071,1159,1905,166
6012,3290,5486,526
3848,2130,3515,333
61357,33838,56102,5255
10700,5880,9780,920
27720,15213,25345,2375
4617,2582,4233,384
4229,2295,3824,405
6908,3820,6314,594
31839,17575,29085,2754
16832,9243,15338,1494
8071,4368,7335,736
10976,5977,9969,1007
6316,3485,5763,553
39264,21478,35767,3497
2221,1248,2040,181
11370,6214,10353,1017
4734,2606,4321,413
1968,1091,1802,166
5698,3090,5173,525
2537,1383,2305,232
26809,14827,24471,2338
5313,2918,4852,461
9579,5275,8737,842
1091,613,1002,89
6314,3505,5772,542
6821,3713,6212,609
4340,2389,3960,380
6932,3764,6289,643
12875,7081,11763,1112
2359,1355,2186,173
2053,1132,1876,177
7962,4342,7270,692
3498,1928,3202,296
5956,3348,5482,474
6084,3273,5496,588
16181,8838,14758,1423
12241,6696,11148,1093
1386,779,1276,110
5811,3187,5296,515
8700,4696,7913,787
3563,1940,3242,321
4630,2542,4229,401
6482,3557,5899,583
3508,1964,3223,285
4401,2373,3981,420
8824,4860,8068,756
4086,2237,3718,368
16330,8988,14920,1410
3290,1791,2993,297
6567,3566,5968,599
7094,3919,6478,616
1737,965,1590,147
2473,1385,2274,199
12559,6824,11476,1083
2921,1643,2692,229
1723,952,1579,144
7601,4173,6933,668
2478,1378,2267,211
13950,7675,12722,1228
19512,10730,17806,1706
4540,2478,4131,409
8257,4545,7524,733
2295,1220,2061,234
2415,1343,2209,206
3418,1866,3117,301
6173,3412,5642,531
9613,5277,8760,853
7391,4107,6761,630
16782,9238,15319,1463
11909,6499,10784,1125
7464,4153,6833,631
18558,10125,16883,1675
10015,5480,9103,912
1937,1040,1752,185
11348,6193,10324,1024
5722,3117,5229,493
7398,4049,6739,659
2645,1463,2419,226
2535,1346,2296,239
4216,2316,3852,364
53635,29386,48968,4667
12809,7005,11664,1145
4639,2599,4259,380
5461,2991,4970,491
3768,2043,3414,354
1862,1031,1695,167
6591,3633,6011,580
6710,3655,6098,612
5434,2996,4975,459
4635,2570,4236,399
10941,5970,9986,955
4732,2612,4322,410
7173,3927,6536,637
2344,1284,2147,197
4610,2539,4209,401
10619,5846,9673,946
12611,6886,11479,1132
4618,2475,4159,459
11902,6502,10834,1068
4399,2449,4028,371
4982,2733,4565,417
5835,3133,5248,587
3336,1835,3038,298
1533,842,1398,135
9906,5348,8976,930
6314,3533,5797,517
6475,3506,5879,596
5130,2806,4658,472
8128,4413,7387,741
3717,2021,3380,337
3075,1654,2784,291
4371,2417,3998,373
9577,5263,8757,820
7080,3867,6431,649
4998,2730,4541,457
7187,3939,6542,645
8685,4717,7884,801
4382,2388,3993,389
11297,6360,10369,928
16209,8890,14778,1431
8290,4510,7523,767
7645,4200,6922,723
5116,2821,4668,448
9823,5431,8993,830
6058,3236,5476,582
15395,8347,14011,1384
30656,16846,27965,2691
10680,5940,9809,871
5755,3100,5240,515
5654,3052,5119,535
4503,2491,4110,393
1293,728,1191,102
12279,6641,11202,1077
6736,3674,6129,607
7631,4152,6921,710
13846,7679,12685,1161
6394,3504,5812,582
5993,3323,5484,509
3752,2102,3448,304
7775,4333,7109,666
5266,2884,4796,470
5368,2914,4865,503
1393,762,1265,128
2773,1513,2531,242
5109,2873,4703,406
9020,4860,8153,867
1991,1120,1828,163
5831,3191,5295,536
3116,1724,2850,266
6513,3610,5946,567
6333,3531,5806,527
7100,3890,6456,644
4641,2527,4218,423
6548,3631,5995,553
2599,1432,2365,234
5008,2728,4545,463
10258,5746,9428,830
13980,7649,12738,1242
7824,4370,7178,646
6542,3612,5976,566
8770,4784,7992,778
49565,27182,45296,4269
7441,4022,6744,697
2899,1614,2658,241
6056,3368,5545,511
17679,9721,16155,1524
4286,2333,3884,402
3420,1877,3116,304
7238,4036,6627,611
8857,4878,8082,775
6010,3321,5484,526
6954,3813,6358,596
4264,2371,3899,365
3122,1725,2849,273
6889,3760,6252,637
11007,5949,9959,1048
2996,1660,2737,259
1889,1020,1705,184
4966,2701,4514,452
2465,1358,2248,217
12259,6681,11137,1122
6277,3479,5747,530
2734,1474,2465,269
6065,3305,5502,563
1353,762,1244,109
8174,4481,7450,724
9646,5365,8822,824
6716,3723,6143,573
5609,3100,5119,490
7485,4094,6804,681
3338,1796,3028,310
6593,3596,5993,600
7416,4049,6750,666
12706,6872,11504,1202
2441,1348,2231,210
47480,26134,43289,4191
8424,4570,7656,768
3200,1758,2918,282
4387,2347,3964,423
3760,2052,3410,350
15517,8444,14101,1416
2901,1585,2632,269
13566,7537,12473,1093
21581,11798,19683,1898
10900,6070,9943,957
4755,2612,4338,417
10807,5898,9833,974
2852,1582,2612,240
3978,2133,3580,398
4165,2318,3816,349
5715,3127,5201,514
5109,2837,4664,445
5972,3196,5388,584
21072,11498,19169,1903
40591,22196,36951,3640
9454,5202,8614,840
7927,4386,7254,673
39687,21704,36161,3526
42757,23303,38910,3847
2403,1352,2210,193
4553,2530,4165,388
4890,2672,4445,445
3943,2165,3606,337
6659,3708,6104,555
7154,3839,6463,691
9926,5485,9067,859
7404,4151,6800,604
2253,1268,2078,175
2784,1520,2533,251
7604,4224,6946,658
12579,6899,11469,1110
7313,3979,6636,677
2615,1427,2388,227
5569,3076,5091,478
39832,21781,36290,3542
8369,4558,7602,767
6556,3586,5978,578
7172,3904,6516,656
10163,5560,9249,914
2196,1244,2027,169
31390,17224,28679,2711
6583,3627,6001,582
7515,4093,6815,700
2941,1626,2688,253
23130,12613,21093,2037
6460,3533,5876,584
5391,2986,4919,472
6140,3367,5583,557
4273,2378,3916,357
1111,618,1025,86
4803,2678,4405,398
7828,4282,7117,711
9702,5389,8890,812
3397,1843,3080,317
7205,3940,6551,654
3728,2050,3400,328
4826,2621,4378,448
9920,5449,9045,875
12077,6647,11021,1056
4331,2394,3953,378
6000,3307,5465,535
8565,4667,7785,780
4369,2400,3983,386
11536,6183,10475,1061
5727,3146,5220,507
4951,2741,4528,423
5633,3061,5136,497
10511,5755,9565,946
1361,750,1243,118
10419,5802,9569,850
9251,5032,8411,840
28303,15479,25851,2452
8295,4591,7584,711
12062,6531,10915,1147
8180,4482,7474,706
11824,6502,10817,1007
4719,2597,4304,415
2328,1284,2143,185
3691,1995,3345,346
11384,6200,10338,1046
8374,4553,7658,716
4538,2478,4119,419
998,572,927,71
4967,2668,4492,475
4405,2444,4039,366
2293,1300,2115,178
3649,2003,3323,326
7140,3898,6498,642
2315,1308,2139,176
5049,2795,4629,420
10806,5911,9838,968
4212,2293,3830,382
4019,2210,3673,346
5620,3040,5093,527
23646,13090,21629,2017
2882,1581,2623,259
6074,3273,5492,582
7221,4055,6642,579
9327,5125,8481,846
16455,8952,15053,1402
2567,1439,2354,213
54086,29679,49390,4696
6899,3794,6303,596
1886,1066,1739,147
3018,1673,2763,255
1742,963,1593,149
3607,2000,3309,298
7076,3883,6442,634
7444,4097,6779,665
11117,6032,10101,1016
6597,3603,5993,604
12169,6648,11102,1067
8522,4607,7717,805
2244,1240,2051,193
4613,2584,4229,384
1847,1030,1697,150
1538,847,1410,128
721,402,658,63
5293,2875,4834,459
15545,8462,14184,1361
6245,3403,5680,565
1690,963,1565,125
7947,4363,7229,718
13444,7386,12263,1181
6179,3421,5650,529
12447,6818,11368,1079
4217,2327,3848,369
3987,2126,3605,382
2486,1360,2269,217
11913,6497,10790,1123
1940,1114,1798,142
4083,2224,3702,381
5045,2773,4597,448
1151,636,1050,101
3389,1865,3090,299
12763,6967,11612,1151
2384,1318,2170,214
7464,4101,6784,680
1477,844,1365,112
14237,7794,12941,1296
8170,4501,7444,726
5109,2826,4671,438
4915,2707,4490,425
5795,3153,5244,551
2504,1401,2302,202
7845,4313,7149,696
13808,7550,12565,1243
2584,1420,2359,225
4362,2372,3955,407
6028,3317,5499,529
6952,3809,6338,614
5944,3224,5383,561
3541,1954,3232,309
1732,948,1574,158
34169,18687,31277,2892
2502,1384,2282,220
3302,1822,3023,279
3759,2095,3450,309
5813,3262,5344,469
5526,3070,5074,452
3854,2125,3519,335
9157,4990,8332,825
5936,3256,5416,520
14324,7926,13086,1238
1702,951,1560,142
7472,4061,6783,689
4794,2641,4367,427
4960,2731,4520,440
6361,3522,5819,542
2903,1616,2665,238
7781,4189,7046,735
8341,4573,7593,748
6267,3440,5712,555
3361,1858,3070,291
5447,2961,4944,503
6428,3543,5864,564
3012,1644,2741,271
7276,4010,6650,626
2950,1601,2684,266
6821,3735,6205,616
4925,2653,4484,441
3862,2139,3535,327
5952,3208,5374,578
8415,4689,7712,703
10409,5656,9452,957
8793,4812,8005,788
13568,7542,12409,1159
2830,1561,2583,247
2607,1425,2375,232
10462,5653,9461,1001
18316,9964,16595,1721
9323,5100,8479,844
11425,6234,10400,1025
8872,4872,8085,787
4426,2408,4026,400
6940,3791,6299,641
8256,4531,7547,709
6280,3508,5757,523
32147,17772,29365,2782
2431,1323,2210,221
4864,2733,4479,385
8227,4517,7513,714
8368,4663,7669,699
8003,4486,7328,675
7501,4070,6794,707
3071,1685,2811,260
4770,2605,4339,431
3776,2062,3430,346
5875,3289,5407,468
6472,3535,5907,565
3823,2092,3479,344
6521,3615,5973,548
5538,3068,5058,480
10938,5980,9961,977
5116,2818,4661,455
12928,7176,11836,1092
8093,4504,7409,684
8609,4734,7841,768
4665,2600,4285,380
10431,5723,9499,932
5776,3186,5272,504
2682,1471,2440,242
2981,1622,2714,267
3045,1651,2768,277
5609,3069,5097,512
17719,9673,16143,1576
7093,3869,6445,648
8482,4572,7707,775
4402,2421,4016,386
20248,11066,18433,1815
3934,2188,3608,326
9021,4887,8145,876
6949,3827,6334,615
7416,4075,6758,658
6037,3277,5488,549
2273,1227,2059,214
7944,4395,7251,693
3892,2096,3517,375
7142,3887,6475,667
4684,2587,4269,415
11522,6286,10498,1024
16944,9324,15497,1447
6054,3308,5516,538
7458,4131,6824,634
2358,1321,2167,191
6352,3432,5772,580
1556,873,1424,132
9442,5138,8549,893
5272,2903,4812,460
8892,4820,8093,799
5349,2952,4885,464
6354,3521,5807,547
4027,2162,3648,379
8612,4648,7837,775
8313,4512,7538,775
5869,3160,5307,562
12903,7183,11819,1084
15070,8254,13790,1280
4103,2203,3704,399
4325,2429,3973,352
5473,3070,5036,437
6790,3661,6146,644
6583,3627,5998,585
4536,2496,4136,400
1817,967,1636,181
8102,4519,7448,654
17626,9724,16083,1543
7397,4013,6700,697
6381,3547,5851,530
46190,25268,42302,3888
5318,2900,4832,486
4973,2738,4538,435
5570,3105,5105,465
3433,1900,3135,298
3044,1645,2755,289
935,502,843,92
2633,1434,2393,240
4005,2174,3642,363
8176,4517,7489,687
9108,4991,8281,827
2248,1199,2036,212
13187,7205,12046,1141
6735,3707,6181,554
5026,2801,4605,421
2559,1427,2347,212
6877,3736,6246,631
6869,3767,6282,587
14639,7866,13224,1415
31039,16707,28067,2972
2314,1300,2134,180
1768,968,1610,158
14668,8146,13413,1255
15247,8356,13955,1292
5897,3259,5380,517
3676,1998,3324,352
920,517,843,77
2386,1329,2180,206
4256,2354,3882,374
9512,5229,8676,836
3069,1693,2796,273
2526,1366,2288,238
6796,3751,6228,568
4647,2527,4228,419
17390,9502,15805,1585
2057,1155,1893,164
10119,5575,9239,880
4889,2713,4461,428
1928,1067,1765,163
6417,3513,5848,569
4703,2601,4307,396
17491,9609,15927,1564
9906,5418,9050,856
5973,3281,5463,510
13396,7224,12103,1293
4986,2755,4571,415
4316,2393,3945,371
5004,2753,4573,431
2412,1341,2217,195
4187,2308,3828,359
37446,20463,34025,3421
5419,2932,4908,511
14852,8075,13478,1374
10205,5671,9341,864
5352,2958,4883,469
4352,2435,3992,360
4679,2587,4276,403
15748,8627,14384,1364
4722,2606,4316,406
1500,838,1379,121
5657,3123,5167,490
4604,2530,4189,415
1341,742,1224,117
6246,3363,5617,629
6647,3698,6095,552
12628,6913,11516,1112
12962,7192,11874,1088
2516,1426,2320,196
1841,1037,1702,139
7960,4437,7318,642
2815,1533,2559,256
2645,1472,2429,216
7348,4074,6719,629
12628,7096,11610,1018
7507,4134,6858,649
4775,2587,4334,441
16429,9020,14962,1467
6474,3513,5879,595
4403,2378,3976,427
5163,2852,4719,444
5931,3277,5407,524
2493,1366,2272,221
22842,12560,20831,2011
7917,4329,7208,709
5436,2929,4905,531
8140,4454,7418,722
6325,3511,5782,543
8658,4763,7904,754
7047,3876,6414,633
2307,1260,2095,212
7352,4026,6683,669
10125,5555,9235,890
7349,4044,6692,657
5759,3233,5282,477
13349,7283,12154,1195
1838,1032,1688,150
5545,3063,5062,483
4863,2709,4461,402
5893,3303,5407,486
6910,3754,6267,643
8463,4706,7778,685
2204,1241,2039,165
2752,1538,2531,221
4919,2713,4486,433
5174,2819,4695,479
1026,580,948,78
14919,8113,13530,1389
3529,1951,3228,301
4808,2623,4373,435
4374,2332,3955,419
3581,1977,3281,300
1524,856,1404,120
6349,3467,5764,585
7181,3908,6513,668
7941,4246,7140,801
19166,10507,17499,1667
4129,2287,3778,351
4205,2314,3839,366
6096,3334,5547,549
13599,7485,12417,1182
6441,3443,5813,628
3228,1786,2955,273
5759,3166,5246,513
7432,4084,6799,633
2204,1214,2010,194
3277,1804,2993,284
713,386,642,71
1666,915,1517,149
7640,4203,6999,641
4767,2598,4340,427
7432,4183,6841,591
8548,4710,7807,741
2919,1610,2661,258
10676,5899,9751,925
6469,3504,5867,602
20644,11442,18944,1700
5862,3276,5377,485
23292,12686,21212,2080
7808,4241,7095,713
5439,3003,4960,479
9060,4948,8246,814
23812,12914,21657,2155
8375,4572,7622,753
8080,4409,7342,738
5871,3227,5361,510
12818,6987,11646,1172
8315,4529,7564,751
11537,6327,10528,1009
1629,880,1492,137
4402,2469,4047,355
2854,1598,2617,237
962,523,882,80
8916,4810,8067,849
2508,1409,2308,200
7927,4338,7207,720
2637,1452,2398,239
18646,10032,16870,1776
8357,4508,7583,774
11483,6357,10487,996
5556,3064,5064,492
4287,2394,3934,353
7590,4109,6906,684
8511,4664,7770,741
39423,21627,35985,3438
3921,2155,3573,348
17004,9465,15566,1438
13879,7630,12642,1237
5520,3025,5023,497
2678,1451,2427,251
3158,1729,2888,270
6399,3493,5808,591
6116,3297,5518,598
3449,1897,3148,301
41895,22949,38171,3724
7914,4323,7200,714
16206,8957,14829,1377
2295,1290,2112,183
2726,1492,2484,242
2425,1328,2214,211
7682,4249,7020,662
2639,1469,2415,224
3809,2114,3487,322
11443,6284,10436,1007
9702,5238,8764,938
4899,2655,4450,449
7381,4118,6762,619
4357,2386,3965,392
10421,5770,9489,932
10077,5497,9148,929
3520,1930,3210,310
6023,3298,5489,534
4030,2243,3691,339
82391,44079,74798,7593
4765,2657,4370,395
1682,904,1523,159
10163,5613,9277,886
5605,3053,5089,516
10755,5814,9719,1036
7144,3891,6468,676
3005,1662,2744,261
4597,2539,4208,389
11420,6269,10399,1021
3939,2165,3609,330
2624,1431,2402,222
2357,1305,2156,201
15700,8467,14269,1431
4454,2478,4074,380
895,473,806,89
61575,33874,56190,5385
4433,2437,4041,392
6065,3353,5537,528
7955,4391,7265,690
6555,3636,6000,555
1822,1031,1680,142
7539,4043,6819,720
8548,4705,7800,748
3540,1972,3248,292
13003,7036,11779,1224
15390,8392,14019,1371
15023,8324,13727,1296
841,474,770,71
6350,3485,5811,539
3187,1766,2915,272
3137,1742,2866,271
4783,2674,4391,392
3984,2167,3614,370
2837,1597,2613,224
4719,2606,4307,412
7058,3888,6458,600
4697,2615,4321,376
12803,6912,11598,1205
3736,2050,3406,330
5264,2843,4758,506
1721,954,1571,150
5702,3158,5217,485
7500,4109,6827,673
6524,3658,5999,525
14807,7940,13449,1358
41762,22865,38040,3722
13203,7089,11910,1293
6357,3537,5824,533
2882,1590,2628,254
9246,4948,8384,862
1873,1058,1728,145
1953,1089,1795,158
4978,2730,4529,449
2176,1200,1993,183
1186,662,1084,102
1974,1081,1816,158
4219,2317,3843,376
3819,2102,3483,336
7162,3898,6515,647
9678,5163,8771,907
6115,3337,5590,525
7907,4341,7195,712
5873,3240,5349,524
1293,716,1180,113
8043,4387,7302,741
16189,8957,14816,1373
5469,2953,4953,516
4584,2524,4179,405
5357,2887,4858,499
7430,4087,6770,660
4505,2442,4089,416
12250,6742,11204,1046
11177,6041,10114,1063
6105,3350,5564,541
6285,3423,5715,570
12133,6681,11080,1053
1408,773,1287,121
5346,2954,4882,464
2083,1159,1909,174
7925,4426,7272,653
18710,10449,17152,1558
7544,4274,6943,601
2640,1460,2415,225
6771,3705,6185,586
10143,5503,9211,932
4147,2282,3784,363
5754,3187,5257,497
10014,5557,9161,853
5373,2947,4889,484
4618,2502,4165,453
11938,6537,10876,1062
8367,4549,7625,742
3466,1910,3164,302
5102,2756,4624,478
1845,1019,1684,161
7319,4015,6665,654
2945,1633,2702,243
1493,813,1356,137
3620,1990,3304,316
36475,20082,33527,2948
12309,6728,11200,1109
39184,21405,35702,3482
11682,6252,10518,1164
5659,3076,5147,512
6173,3325,5597,576
4475,2432,4051,424
7120,3958,6511,609
5999,3315,5482,517
4990,2695,4521,469
4635,2520,4223,412
8925,4889,8149,776
5970,3228,5397,573
2413,1343,2218,195
11742,6391,10702,1040
3223,1752,2929,294
8229,4450,7490,739
5318,2942,4862,456
4779,2661,4371,408
5170,2851,4721,449
1986,1076,1794,192
1087,581,982,105
6491,3602,5953,538
2972,1638,2714,258
7715,4212,7011,704
3939,2183,3610,329
13482,7392,12290,1192
10241,5579,9315,926
2802,1549,2561,241
9719,5245,8788,931
5896,3279,5399,497
6339,3521,5799,540
4105,2219,3708,397
10350,5647,9404,946
7518,4090,6822,696
5748,3076,5184,564
4177,2264,3794,383
7330,3980,6658,672
11669,6376,10604,1065
8190,4411,7414,776
13430,7304,12201,1229
6820,3673,6172,648
3905,2146,3562,343
4632,2539,4221,411
31060,16805,28099,2961
3135,1744,2873,262
3842,2115,3501,341
8219,4516,7515,704
2699,1457,2458,241
5966,3287,5432,534
11939,6538,10878,1061
4201,2323,3834,367
1909,1015,1730,179
9573,5252,8724,849
13173,7165,11977,1196
3499,1922,3187,312
8347,4590,7644,703
1763,965,1604,159
4752,2652,4356,396
10368,5749,9482,886
17216,9478,15763,1453
2095,1182,1930,165
14046,7551,12741,1305
3783,2078,3450,333
4003,2234,3666,337
3606,1974,3302,304
3192,1755,2906,286
123109,67151,111920,11189
11007,6074,10049,958
3748,2049,3409,339
2015,1137,1853,162
7047,3892,6457,590
3041,1663,2781,260
5299,2880,4806,493
4959,2712,4511,448
15858,8679,14492,1366
7023,3843,6382,641
45142,24799,41331,3811
16397,8909,14945,1452
9094,4921,8208,886
4982,2768,4559,423
6231,3498,5734,497
3477,1926,3200,277
17936,9919,16320,1616
6332,3429,5749,583
5552,3088,5091,461
5976,3269,5454,522
30018,16532,27506,2512
5958,3298,5445,513
5480,3036,5006,474
8731,4835,7995,736
4397,2401,4002,395
12944,7069,11761,1183
3752,2058,3415,337
13047,7076,11814,1233
5547,3086,5076,471
7952,4346,7231,721
12897,6947,11666,1231
4358,2397,3978,380
7572,4100,6850,722
11856,6449,10773,1083
9289,5057,8457,832
1850,1019,1680,170
30312,16600,27638,2674
10906,6019,9946,960
2420,1361,2228,192
5866,3241,5356,510
9624,5320,8787,837
9053,4914,8244,809
15189,8299,13825,1364
3380,1890,3105,275
12912,7120,11783,1129
8079,4405,7345,734
5893,3186,5344,549
11583,6345,10542,1041
3865,2170,3551,314
11068,6014,10074,994
7981,4362,7263,718
6732,3640,6094,638
9019,4917,8194,825
8798,4831,8018,780
2295,1275,2103,192
6208,3423,5673,535
5618,3108,5132,486
3796,2118,3492,304
35421,19244,32191,3230
2932,1604,2666,266
21796,11968,19868,1928
9064,4906,8218,846
10204,5585,9305,899
9421,5145,8576,845
4946,2708,4514,432
5423,3000,4952,471
14154,7807,12938,1216
7333,4047,6692,641
2515,1379,2290,225
31114,17122,28442,2672
3439,1856,3110,329
6565,3581,6000,565
9491,5104,8551,940
8444,4653,7719,725
7029,3795,6367,662
2752,1537,2525,227
4859,2740,4482,377
12636,7066,11560,1076
3330,1848,3044,286
3006,1633,2726,280
8992,4945,8228,764
4961,2756,4539,422
1698,944,1552,146
5700,3157,5209,491
1266,682,1158,108
6861,3820,6291,570
13233,7183,12003,1230
6033,3336,5504,529
8847,4760,8025,822
2880,1583,2624,256
3532,1973,3236,296
11143,6139,10188,955
2881,1570,2621,260
2995,1614,2714,281
9168,5053,8365,803
2098,1190,1936,162
6703,3716,6132,571
2537,1356,2301,236
5979,3265,5435,544
19460,10547,17699,1761
5251,2958,4830,421
10896,5898,9883,1013
8968,4865,8172,796
3808,2103,3469,339
3671,1963,3301,370
3944,2199,3624,320
7850,4289,7147,703
3794,2064,3447,347
8812,4878,8062,750
2266,1260,2079,187
5611,3097,5121,490
1654,916,1512,142
2601,1457,2388,213
10857,5970,9887,970
6469,3552,5894,575
2630,1451,2399,231
8018,4383,7319,699
6143,3385,5631,512
11424,6364,10471,953
4219,2366,3874,345
16623,8965,15073,1550
11656,6472,10677,979
58794,32390,53647,5147
9889,5390,8984,905
4717,2589,4293,424
10160,5536,9236,924
7168,3852,6468,700
2552,1418,2330,222
3990,2233,3651,339
15018,8210,13704,1314
8168,4470,7429,739
8594,4705,7868,726
4481,2468,4091,390
4051,2222,3685,366
3136,1739,2868,268
3150,1732,2871,279
1522,773,1366,156
1988,1085,1805,183
6889,3790,6273,616
11559,6323,10508,1051
2477,1342,2243,234
9728,5405,8882,846
7078,3974,6505,573
2466,1351,2241,225
13155,7169,12006,1149
6608,3616,6012,596
18172,9834,16482,1690
4297,2370,3922,375
1904,1050,1731,173
5645,3126,5159,486
8106,4473,7400,706
6021,3326,5502,519
3593,2011,3303,290
5314,2943,4861,453
4154,2295,3804,350
3269,1839,3012,257
3301,1819,3007,294
4814,2663,4402,412
3367,1809,3042,325
1135,633,1043,92
4668,2570,4254,414
10021,5532,9176,845
4322,2403,3956,366
30582,16919,27962,2620
6568,3615,6001,567
6127,3357,5594,533
3880,2107,3531,349
4080,2285,3741,339
3581,1928,3243,338
4039,2245,3708,331
6723,3617,6087,636
2023,1144,1869,154
14764,8099,13438,1326
5409,2985,4945,464
7751,4269,7060,691
10452,5667,9557,895
2513,1331,2264,249
19684,10806,17931,1753
12339,6778,11254,1085
16075,8695,14626,1449
3813,2085,3461,352
2774,1554,2553,221
6104,3350,5570,534
34406,18867,31381,3025
6784,3777,6212,572
6709,3700,6125,584
6325,3406,5711,614
4346,2416,3972,374
4302,2356,3914,388
5473,3020,4997,476
8044,4424,7333,711
3186,1749,2890,296
6190,3425,5661,529
4086,2188,3717,369
8484,4616,7711,773
14355,7790,13006,1349
3628,1981,3310,318
12060,6577,11003,1057
2994,1636,2725,269
5810,3221,5312,498
11439,6188,10354,1085
8653,4770,7898,755
1579,882,1462,117
13417,7364,12225,1192
7660,4130,6904,756
4628,2579,4248,380
5830,3236,5334,496
1618,893,1486,132
3349,1851,3059,290
2942,1625,2692,250
6659,3658,6062,597
2611,1422,2374,237
5977,3242,5416,561
2327,1272,2111,216
8915,4910,8132,783
19803,10864,18122,1681
5057,2775,4623,434
7818,4187,7032,786
10214,5620,9343,871
6144,3400,5611,533
2460,1351,2240,220
12721,6944,11602,1119
6147,3427,5638,509
43768,24395,40186,3582
5141,2817,4701,440
8237,4523,7512,725
2562,1409,2338,224
6313,3494,5791,522
2406,1302,2186,220
6414,3550,5868,546
19084,10499,17460,1624
2044,1134,1873,171
2310,1218,2087,223
3522,1941,3224,298
6066,3315,5507,559
2474,1367,2252,222
2966,1618,2693,273
14231,7737,12914,1317
8250,4534,7565,685
1450,827,1336,114
13793,7536,12533,1260
5720,3169,5225,495
6712,3702,6134,578
3028,1677,2776,252
3040,1645,2747,293
6189,3391,5632,557
4741,2590,4307,434
8250,4443,7441,809
3341,1803,3039,302
7474,4130,6822,652
4727,2635,4336,391
27390,15096,25000,2390
4414,2410,4028,386
4696,2618,4308,388
1985,1099,1818,167
2938,1608,2672,266
57347,31519,52278,5069
1328,740,1221,107
2198,1226,2019,179
2567,1394,2330,237
3554,1993,3261,293
11321,6174,10292,1029
5586,3131,5129,457
3820,2124,3495,325
39294,21494,35793,3501
9789,5340,8900,889
1500,795,1365,135
4718,2570,4288,430
17399,9434,15818,1581
4118,2268,3765,353
14947,8282,13663,1284
9390,5159,8566,824
7718,4219,7011,707
6159,3356,5582,577
2889,1609,2655,234
10378,5658,9446,932
10535,5669,9511,1024
4463,2427,4069,394
3940,2191,3600,340
13998,7632,12713,1285
34863,19060,31712,3151
6067,3364,5555,512
2821,1545,2568,253
4453,2477,4075,378
7943,4304,7197,746
2278,1247,2069,209
3497,1917,3209,288
4771,2625,4359,412
4525,2449,4124,401
3528,1946,3225,303
5743,3210,5261,482
2651,1453,2409,242
16793,9213,15321,1472
3928,2174,3595,333
3469,1881,3147,322
4861,2705,4461,400
2511,1411,2311,200
6294,3486,5749,545
7484,4123,6811,673
3969,2177,3618,351
3857,2122,3503,354
4780,2643,4384,396
22583,12305,20598,1985
8937,4831,8080,857
5800,3186,5302,498
10476,5802,9574,902
10215,5545,9308,907
1359,741,1240,119
53620,29388,48959,4661
7054,3877,6421,633
6440,3572,5899,541
4145,2259,3771,374
12565,6843,11419,1146
15627,8594,14287,1340
5584,3063,5095,489
8240,4461,7479,761
13688,7449,12496,1192
7552,4151,6886,666
24363,13345,22137,2226
10911,5948,9927,984
84937,45286,76957,7980
12874,7103,11767,1107
6528,3530,5919,609
4785,2647,4377,408
2818,1546,2566,252
16429,9038,14978,1451
11798,6456,10721,1077
4647,2586,4260,387
3960,2151,3593,367
7184,3983,6586,598
6437,3575,5889,548
4602,2519,4190,412
7932,4408,7261,671
6541,3562,5949,592
10180,5534,9249,931
6096,3341,5546,550
2527,1375,2296,231
10506,5740,9569,937
9011,4904,8180,831
4366,2403,3987,379
5051,2765,4603,448
6893,3814,6308,585
4512,2505,4130,382
1230,672,1116,114
6446,3625,5932,514
1992,1076,1815,177
5435,2963,4935,500
7440,4063,6771,669
1687,961,1562,125
6087,3352,5556,531
24792,13570,22543,2249
37213,20334,33811,3402
10397,5709,9496,901
2486,1364,2276,210
3201,1777,2935,266
6564,3594,5955,609
6633,3639,6045,588
9134,5067,8364,770
7349,4099,6744,605
3023,1704,2793,230
2848,1608,2631,217
4941,2706,4499,442
5531,2985,4974,557
5268,2886,4816,452
7059,3900,6440,619
7359,4044,6701,658
2730,1506,2500,230
6210,3385,5648,562
13632,7423,12397,1235
8283,4454,7482,801
5802,3173,5281,521
4833,2628,4392,441
2643,1451,2404,239
2209,1241,2020,189
7536,4157,6865,671
5570,3044,5074,496
5997,3324,5486,511
5420,3004,4954,466
18406,10072,16769,1637
3193,1737,2894,299
9294,5154,8495,799
11506,6280,10485,1021
17423,9404,15886,1537
13735,7511,12575,1160
2810,1531,2557,253
6531,3548,5919,612
4641,2562,4239,402
3961,2186,3615,346
8170,4528,7435,735
2965,1631,2701,264
7433,4082,6794,639
2938,1598,2664,274
4516,2532,4149,367
10372,5722,9505,867
12235,6820,11198,1037
17303,9442,15807,1496
24138,13151,21952,2186
10450,5698,9496,954
2803,1551,2557,246
7137,3928,6510,627
5336,2957,4884,452
5928,3223,5359,569
13784,7537,12540,1244
20602,11238,18734,1868
12702,6892,11512,1190
13011,7116,11809,1202
4820,2666,4416,404
6472,3557,5899,573
16562,8938,14980,1582
4995,2738,4561,434
5288,2901,4806,482
6302,3392,5696,606
3423,1901,3131,292
2522,1410,2313,209
1454,811,1331,123
19289,10611,17576,1713
6886,3804,6287,599
3953,2170,3590,363
3732,2072,3411,321
3157,1734,2877,280
7434,4057,6754,680
3791,2084,3454,337
10262,5637,9347,915
4834,2709,4447,387
3514,1941,3207,307
6007,3316,5474,533
52436,28731,47885,4551
8869,4880,8095,774
5576,3090,5102,474
12423,6789,11304,1119
4381,2416,3995,386
7733,4236,7038,695
16720,9129,15217,1503
14691,7950,13285,1406
3962,2190,3617,345
7642,4227,6983,659
4840,2653,4403,437
5856,3258,5375,481
3735,2026,3381,354
4276,2371,3915,361
6756,3698,6142,614
2350,1265,2144,206
5552,3098,5103,449
4692,2565,4267,425
17308,9270,15619,1689
11345,6187,10310,1035
4514,2507,4130,384
6244,3424,5676,568
8826,4810,8025,801
5878,3288,5402,476
5622,3065,5102,520
7848,4254,7115,733
6689,3685,6107,582
31106,17026,28396,2710
3300,1835,3034,266
3291,1820,3006,285
4990,2751,4555,435
6062,3444,5581,481
13812,7666,12654,1158
25339,13883,23186,2153
12185,6743,11146,1039
8673,4753,7888,785
6303,3390,5693,610
8221,4506,7513,708
4095,2257,3728,367
39716,21719,36183,3533
5074,2788,4623,451
5809,3153,5260,549
10427,5608,9419,1008
11394,6198,10390,1004
9847,5387,8984,863
7296,4058,6666,630
4774,2589,4330,444
1341,719,1220,121
7822,4289,7117,705
7650,4206,6994,656
3065,1688,2808,257
2670,1464,2432,238
7274,3985,6632,642
5873,3172,5321,552
4049,2259,3714,335
12898,7093,11751,1147
8125,4382,7352,773
3149,1698,2863,286
25136,13784,23013,2123
4934,2740,4523,411
4423,2439,4036,387
16998,9334,15495,1503
3102,1709,2827,275
6378,3496,5810,568
6907,3833,6311,596
2250,1263,2071,179
11443,6369,10477,966
3902,2194,3594,308
4728,2633,4337,391
35270,19172,32149,3121
3319,1853,3054,265
8296,4487,7512,784
4395,2439,4026,369
4801,2654,4375,426
5399,2940,4908,491
10352,5639,9416,936
13223,7202,11994,1229
15188,8311,13877,1311
9778,5350,8906,872
6997,3864,6382,615
5495,3059,5032,463
2914,1597,2662,252
4086,2238,3713,373
10549,5803,9630,919
4388,2444,4014,374
12728,6902,11568,1160
16993,9342,15499,1494
1583,874,1445,138
7240,4037,6636,604
7564,4104,6862,702
3158,1731,2884,274
5077,2818,4641,436
4797,2670,4392,405
4735,2648,4342,393
6399,3467,5779,620
6128,3369,5590,538
2299,1263,2108,191
7213,3963,6587,626
8363,4624,7635,728
8725,4762,7945,780
9997,5538,9147,850
9416,5319,8679,737
8213,4461,7462,751
3719,2038,3380,339
7622,4224,6976,646
2426,1329,2218,208
4695,2599,4288,407
2525,1408,2313,212
5879,3217,5356,523
7501,4193,6891,610
3463,1930,3172,291
2212,1198,2013,199
7067,3900,6450,617
4002,2194,3655,347
4146,2267,3779,367
4017,2231,3685,332
2957,1621,2684,273
2611,1455,2393,218
1720,967,1585,135
2632,1405,2368,264
8894,4967,8150,744
24010,13190,21926,2084
4358,2342,3927,431
13227,7182,11984,1243
3335,1812,3034,301
6210,3408,5658,552
5972,3312,5461,511
6190,3435,5669,521
3774,2094,3454,320
8777,4792,7980,797
2024,1131,1859,165
12788,7009,11656,1132
26140,14384,23877,2263
9441,5201,8614,827
6697,3689,6115,582
6923,3804,6303,620
6156,3323,5567,589
8441,4560,7675,766
6175,3425,5649,526
3024,1644,2745,279
6491,3603,5939,552
6613,3670,6047,566
6295,3488,5760,535
3694,1988,3336,358
5491,3103,5061,430
9098,5046,8333,765
10831,5904,9864,967
2855,1565,2597,258
2291,1257,2089,202
3650,2029,3336,314
7278,4019,6637,641
19041,10229,17181,1860
5807,3156,5266,541
2770,1530,2519,251
4567,2533,4179,388
17856,9680,16186,1670
22240,12172,20226,2014
2784,1562,2557,227
7559,4196,6917,642
5538,3057,5048,490
9576,5309,8749,827
981,520,895,86
10971,6009,9984,987
7053,3907,6436,617
6600,3551,5964,636
5850,3219,5339,511
2253,1265,2077,176
4250,2392,3908,342
18363,10142,16784,1579
25156,13776,22916,2240
2451,1342,2238,213
3481,1883,3165,316
6694,3687,6118,576
6670,3608,6032,638
2945,1661,2714,231
14714,7990,13387,1327
6760,3758,6195,565
2372,1271,2139,233
5054,2756,4589,465
4612,2492,4218,394
6284,3474,5745,539
2300,1266,2099,201
4018,2130,3612,406
3797,2117,3480,317
5864,3214,5343,521
15986,8791,14588,1398
12420,6923,11384,1036
3744,2074,3420,324
7794,4174,7058,736
4129,2245,3746,383
4989,2665,4537,452
4779,2611,4356,423
2790,1550,2552,238
6785,3791,6217,568
7526,4143,6871,655
2086,1175,1918,168
6690,3682,6103,587
3013,1662,2757,256
1604,871,1460,144
11782,6423,10710,1072
7511,4191,6883,628
4493,2474,4101,392
2296,1272,2106,190
1820,1016,1667,153
2609,1437,2381,228
7478,4053,6788,690
1660,902,1514,146
6808,3685,6161,647
1262,718,1168,94
4311,2333,3921,390
3833,2111,3499,334
5373,2918,4869,504
5704,3157,5207,497
26585,14583,24313,2272
2928,1605,2666,262
2434,1320,2210,224
3442,1917,3160,282
7160,3896,6513,647
61552,33963,56292,5260
2623,1427,2400,223
5113,2826,4668,445
4553,2496,4137,416
4651,2532,4239,412
14740,8104,13470,1270
7622,4216,7004,618
2842,1551,2580,262
3822,2092,3474,348
9254,5112,8459,795
2309,1301,2130,179
5156,2794,4690,466
8583,4730,7836,747
4426,2407,4010,416
3876,2163,3556,320
2303,1262,2097,206
2662,1462,2421,241
15538,8551,14206,1332
4411,2444,4034,377
14810,8049,13454,1356
4745,2630,4339,406
6534,3561,5939,595
37028,20159,33840,3188
3396,1839,3084,312
2524,1394,2304,220
6568,3609,5988,580
13879,7551,12622,1257
8781,4755,7969,812
4003,2189,3640,363
4007,2172,3629,378
6815,3753,6215,600
7614,4168,6933,681
6860,3763,6274,586
2517,1377,2292,225
1459,817,1340,119
6249,3459,5719,530
6554,3613,5994,560
4210,2303,3819,391
5418,2960,4930,488
2551,1393,2322,229
12074,6603,10983,1091
5723,3101,5191,532
7236,3948,6574,662
4339,2400,3962,377
4722,2599,4303,419
8115,4449,7402,713
14863,8076,13476,1387
4604,2530,4203,401
19248,10566,17554,1694
10792,5919,9835,957
9707,5407,8896,811
3323,1788,2998,325
10344,5781,9483,861
3485,1930,3198,287
672,378,614,58
7065,3874,6423,642
5968,3224,5399,569
9901,5426,9008,893
4122,2292,3777,345
27578,15084,25113,2465
6250,3427,5690,560
7654,4238,6992,662
5537,3042,5060,477
5109,2825,4665,444
4730,2620,4316,414
9802,5359,8901,901
8967,4927,8172,795
1205,673,1102,103
14481,7991,13215,1266
7237,3986,6626,611
4675,2598,4283,392
6463,3505,5868,595
2573,1434,2366,207
5482,2984,4984,498
7779,4318,7123,656
5888,3241,5363,525
4809,2674,4406,403
11201,6097,10193,1008
3805,2096,3470,335
2405,1305,2173,232
7972,4339,7311,661
2305,1298,2125,180
12609,6911,11478,1131
2728,1518,2494,234
4039,2206,3680,359
5882,3189,5340,542
9145,4963,8303,842
7999,4447,7323,676
29520,16096,26957,2563
11811,6436,10743,1068
5957,3252,5412,545
2751,1529,2507,244
6681,3637,6085,596
8309,4467,7506,803
8098,4456,7386,712
8795,4851,8028,767
4818,2631,4376,442
9044,4947,8237,807
18587,10123,16971,1616
5443,3024,4986,457
3895,2127,3547,348
2670,1437,2412,258
30182,16619,27655,2527
5784,3183,5264,520
6606,3660,6046,560
2797,1539,2550,247
10302,5518,9345,957
9407,5194,8598,809
2213,1225,2023,190
2857,1571,2602,255
7340,4071,6737,603
3707,2029,3372,335
4994,2688,4520,474
2363,1324,2169,194
6465,3538,5882,583
8239,4449,7463,776
4263,2310,3872,391
8394,4628,7654,740
3405,1863,3092,313
1960,1075,1786,174
11023,6087,10063,960
14951,8193,13670,1281
10833,5868,9807,1026
7355,4025,6683,672
5059,2764,4622,437
5252,2889,4791,461
4115,2284,3765,350
5999,3335,5498,501
4337,2379,3948,389
1702,939,1556,146
5338,2932,4865,473
5430,2917,4906,524
33049,18153,30120,2929
6130,3388,5594,536
9837,5388,8954,883
23530,12856,21379,2151
2263,1260,2072,191
27359,14973,24995,2364
2447,1349,2230,217
4491,2489,4112,379
39267,21475,35766,3501
7827,4306,7164,663
23437,12928,21422,2015
19900,10986,18154,1746
16284,8983,14870,1414
6845,3766,6272,573
9898,5424,9029,869
6362,3480,5806,556
6395,3450,5791,604
6174,3384,5621,553
7527,4120,6879,648
8631,4675,7817,814
5068,2808,4637,431
10233,5510,9257,976
5742,3196,5270,472
2738,1497,2489,249
15633,8586,14233,1400
2624,1428,2382,242
8970,4995,8219,751
3417,1889,3127,290
3056,1663,2770,286
5471,3009,4987,484
2423,1338,2218,205
3837,2153,3530,307
15247,8292,13849,1398
8697,4742,7875,822
13051,7151,11931,1120
7703,4145,6952,751
3874,2167,3560,314
14734,8234,13521,1213
16497,8927,14938,1559
8406,4672,7702,704
5233,2936,4810,423
3837,2104,3499,338
3884,2113,3527,357
17498,9601,15967,1531
7103,3896,6457,646
